62
14614.18.24             0.0000000 0.0958459 0.0774702 0.0899003 0.0024551 0.0718762 0.0997561 0.1838726 0.6143133 0.2050572 0.0855435 0.2133290 0.2793716 0.2041754 0.5833526 0.6380819 0.2159086 0.2048422 0.2574120 0.2617594 0.5874145 0.2104414 0.2127533 0.2077525 0.2155641 0.7492606 0.7496540 0.7136272 0.8230104 0.8221034 0.7890594 0.9621762 0.9146411 0.7534650 0.9727671 0.8885834 1.0140751 0.7816334 0.8768931 0.8672909 0.2727061 0.7267531 0.8493225 0.7221329 0.2712090 0.2219396 0.7739539 0.8016979 0.2340413 0.2447390 0.2261912 0.7626439 0.4680303 0.7973115 0.2205993 0.0713354 0.6018869 0.0907684 0.8079692 0.2631789 0.9259592 1.0478327 
14615.5a                0.0958459 0.0000000 0.0780728 0.1014193 0.0953263 0.1008641 0.0016436 0.1789162 0.6277800 0.1862936 0.0875631 0.1959033 0.2507104 0.1999258 0.5800076 0.6440056 0.1950305 0.2022874 0.2348157 0.2390149 0.6066754 0.1913914 0.2023592 0.2014881 0.2007897 0.7178001 0.7363545 0.6685874 0.7634288 0.7706065 0.7805947 0.9066739 0.8096760 0.7741643 1.0048462 0.9412638 1.0002229 0.7410780 0.8429966 0.8308820 0.2679046 0.7063791 0.7541827 0.6727421 0.2466750 0.2216605 0.7501360 0.8700261 0.2268349 0.2396576 0.2020196 0.6483310 0.4352745 0.5333011 0.2142734 0.0886338 0.7231313 0.0922355 0.7099472 0.2362601 0.9391274 1.0686726 
14621.10.21             0.0774702 0.0780728 0.0000000 0.0217959 0.0788218 0.0835110 0.0852643 0.1709548 0.5938016 0.1829221 0.0447825 0.1862044 0.2470777 0.1797067 0.5619003 0.6019733 0.1869864 0.1892393 0.2369766 0.2431991 0.5580656 0.1914871 0.1875680 0.2021969 0.1960695 0.7294402 0.6472873 0.6362911 0.7001985 0.6621845 0.6984917 0.7954249 0.8039335 0.7103537 0.8477702 0.8196504 0.9434338 0.6868546 0.7280066 0.7208629 0.2382074 0.6476773 0.6397931 0.6013075 0.2524625 0.2059091 0.7545691 0.7345040 0.2129872 0.2365265 0.1961810 0.7178154 0.4151032 0.6444413 0.2053225 0.0808865 0.5415142 0.0473853 0.7161862 0.2276691 0.8596558 0.9107510 
ATA-1-4-KH11            0.0899003 0.1014193 0.0217959 0.0000000 0.0843895 0.0970924 0.0989036 0.1978258 0.5973674 0.2044313 0.0517385 0.2085213 0.2709310 0.1991648 0.5608628 0.6042905 0.2104413 0.2093804 0.2545219 0.2626858 0.5815988 0.2071574 0.2028584 0.2134239 0.2099195 0.7492022 0.7444298 0.6580853 0.8191438 0.7654822 0.7535569 0.8723155 0.8614892 0.7284792 0.9306776 0.8277747 0.9380164 0.7218000 0.8568586 0.7869285 0.2717240 0.6715021 0.7244367 0.6644424 0.2738995 0.2240737 0.7482736 0.7895915 0.2517831 0.2824938 0.2119521 0.6914411 0.4082881 0.7847719 0.2258936 0.0881867 0.6920719 0.0621842 0.7285958 0.2555234 0.8323053 1.0314148 
ATA1.5-3-RM7            0.0024551 0.0953263 0.0788218 0.0843895 0.0000000 0.0703187 0.0973709 0.1877210 0.6119733 0.2041418 0.0816192 0.2101953 0.2697988 0.2027525 0.5709384 0.6300994 0.2130447 0.2060015 0.2523136 0.2582480 0.5879411 0.2104259 0.2117420 0.2113044 0.2117145 0.7382557 0.6693849 0.6635792 0.8133070 0.8036687 0.6973857 0.7918759 0.7705669 0.7090984 0.9748163 0.8523944 0.9834026 0.6880564 0.8059194 0.7333648 0.2636838 0.6920780 0.6986911 0.7258242 0.2658349 0.2196492 0.7259431 0.7923106 0.2345655 0.2428377 0.2182150 0.6515290 0.4139656 0.8309320 0.2181552 0.0668322 0.6501721 0.0820815 0.7558755 0.2628048 0.8283947 1.0487970 
ATA2-1-CV14             0.0718762 0.1008641 0.0835110 0.0970924 0.0703187 0.0000000 0.1078218 0.1895203 0.6162669 0.2132451 0.0918540 0.2247416 0.2829426 0.2139543 0.5860979 0.6377234 0.2225638 0.2149445 0.2665845 0.2703837 0.5891333 0.2220369 0.2185638 0.2325880 0.2258726 0.7931675 0.6912108 0.6917303 0.7713368 0.7079879 0.6830400 0.7221242 0.7543425 0.7562985 0.9838693 0.8880264 1.0295526 0.6273374 0.7799457 0.7615457 0.2608304 0.7227558 0.6637566 0.7491928 0.2807924 0.2361134 0.8163943 0.7924450 0.2524739 0.2590475 0.2258307 0.6727682 0.4189319 0.9357357 0.2350408 0.0333304 0.4627833 0.0969049 0.7466522 0.2691328 0.7478086 1.0567609 
ATA5.5-1-CV2            0.0997561 0.0016436 0.0852643 0.0989036 0.0973709 0.1078218 0.0000000 0.1904273 0.6112730 0.2055612 0.0917863 0.2095999 0.2677360 0.2037010 0.5676087 0.6244897 0.2102331 0.2088928 0.2544929 0.2575947 0.5847047 0.2137399 0.2110683 0.2178684 0.2121802 0.7504768 0.6736485 0.6476650 0.8063522 0.7865955 0.7252244 0.8555174 0.8493644 0.7196456 0.9120298 0.8574004 0.9469464 0.6911130 0.8432373 0.7741998 0.2634711 0.6786236 0.7144966 0.6803025 0.2673234 0.2221888 0.7370009 0.7927262 0.2431036 0.2623400 0.2120302 0.6462874 0.4035735 0.7736860 0.2197568 0.0910369 0.6970333 0.0976292 0.7000656 0.2521421 0.9156100 1.0059789 
CCAC_0119               0.1838726 0.1789162 0.1709548 0.1978258 0.1877210 0.1895203 0.1904273 0.0000000 0.5655052 0.0514798 0.1775461 0.0478440 0.1993470 0.0474340 0.4754259 0.5349272 0.0502729 0.0220871 0.1885489 0.2029777 0.5074900 0.0637171 0.0609647 0.1158169 0.1574856 0.6345929 0.6367420 0.6690896 0.7487610 0.7518071 0.6773457 0.7325473 0.7378593 0.6866747 0.9271198 0.7870816 0.9165921 0.6055555 0.8207319 0.7192588 0.2106832 0.6499061 0.7226729 0.6940079 0.2091291 0.1668707 0.6617148 0.7286990 0.1663492 0.2236676 0.0486127 0.6622338 0.3690239 0.8425862 0.1743684 0.1988879 0.6191708 0.1778031 0.7137053 0.0614334 0.7092248 0.9017335 
CMT-NP38                0.6143133 0.6277800 0.5938016 0.5973674 0.6119733 0.6162669 0.6112730 0.5655052 0.0000000 0.5576032 0.5994928 0.6041397 0.5913666 0.5967929 0.2342348 0.0514143 0.5888480 0.6366040 0.5764924 0.5943029 0.0520836 0.6209639 0.6204790 0.6124146 0.5763222 0.5486180 0.5573038 0.5221103 0.5804089 0.5640509 0.5711313 0.6095695 0.6141793 0.6256080 0.8718058 0.7755531 0.8832454 0.4852172 0.5348255 0.5507434 0.6292496 0.5299488 0.4676722 0.5170053 0.6168520 0.5981252 0.5421162 0.6723905 0.6045278 0.6132886 0.5962144 0.4818353 0.5684163 0.5023329 0.6028755 0.7014094 0.4727944 0.6649050 0.5548277 0.6662744 0.4796821 0.9432393 
EiE-15a                 0.2050572 0.1862936 0.1829221 0.2044313 0.2041418 0.2132451 0.2055612 0.0514798 0.5576032 0.0000000 0.2023881 0.0249326 0.2194791 0.0333423 0.5241169 0.5590211 0.0297749 0.0568539 0.2086127 0.2107651 0.5568190 0.0703659 0.0711720 0.1170653 0.1657711 0.6731608 0.5954724 0.6266815 0.9493175 0.8336952 0.7690523 0.7922629 0.7276374 0.6848560 0.8728467 0.7610950 0.8649147 0.6006979 0.7870136 0.7422582 0.1998916 0.5826150 0.5572068 0.6433732 0.2295984 0.1820316 0.6697992 0.6789504 0.1650307 0.2367214 0.0342727 0.6116534 0.3939467 0.7016730 0.1746005 0.2258833 0.5251137 0.1966805 0.6680685 0.0374506 0.6994921 0.9398804 
NH-18.1                 0.0855435 0.0875631 0.0447825 0.0517385 0.0816192 0.0918540 0.0917863 0.1775461 0.5994928 0.2023881 0.0000000 0.2033826 0.2529496 0.1908559 0.5816150 0.6085761 0.2012253 0.1963124 0.2440046 0.2467926 0.5660281 0.2035492 0.1996105 0.2033842 0.2029576 0.7357398 0.5897118 0.6506718 0.7189688 0.6823866 0.7090524 0.7960531 0.7671834 0.7203347 0.9149661 0.8452488 0.9322955 0.6478693 0.7414227 0.6910117 0.2539229 0.6256181 0.6970464 0.6415264 0.2605447 0.2136767 0.7343852 0.7768799 0.2409111 0.2502638 0.2028834 0.6956750 0.4089220 0.7236021 0.2115732 0.0849534 0.5792740 0.0510474 0.6787972 0.2473319 0.8039495 0.9977466 
SAG_13.91               0.2133290 0.1959033 0.1862044 0.2085213 0.2101953 0.2247416 0.2095999 0.0478440 0.6041397 0.0249326 0.2033826 0.0000000 0.2369542 0.0288953 0.5592767 0.6032447 0.0277532 0.0521570 0.2300184 0.2281788 0.5569771 0.0722360 0.0722108 0.1242191 0.1758045 0.6914083 0.7128333 0.6578836 0.8795060 0.8322534 0.7948512 0.7832847 0.7485602 0.7374761 0.9660743 0.8640237 0.9903557 0.6937617 0.8796492 0.7730111 0.2296470 0.6420001 0.7342651 0.6707655 0.2280997 0.1884654 0.7122515 0.7858031 0.1853012 0.2271169 0.0280547 0.6724604 0.3974919 0.7881634 0.1817510 0.2193098 0.6493999 0.1914302 0.6865437 0.0419901 0.9439171 1.0736357 
SAG_2147                0.2793716 0.2507104 0.2470777 0.2709310 0.2697988 0.2829426 0.2677360 0.1993470 0.5913666 0.2194791 0.2529496 0.2369542 0.0000000 0.2224397 0.5400089 0.5890026 0.2321322 0.2444470 0.0913278 0.0914519 0.5777430 0.2369963 0.2331877 0.2259692 0.2190090 0.6750667 0.6276274 0.6277227 0.8063587 0.8025973 0.8188551 0.8138828 0.8262400 0.6702506 0.8944251 0.7515422 0.8928407 0.7163649 0.7534693 0.7330752 0.2181407 0.6124346 0.7308469 0.6623305 0.0988565 0.2240590 0.6848337 0.7422996 0.2101466 0.0769345 0.2356869 0.6716873 0.2627898 0.8110641 0.2264799 0.2832867 0.7100887 0.2368659 0.6956225 0.2848817 0.7999481 0.9332654 
SAG_2155                0.2041754 0.1999258 0.1797067 0.1991648 0.2027525 0.2139543 0.2037010 0.0474340 0.5967929 0.0333423 0.1908559 0.0288953 0.2224397 0.0000000 0.5504624 0.5883844 0.0312828 0.0505261 0.2069147 0.2116990 0.5678956 0.0689540 0.0684657 0.1186691 0.1653749 0.6967066 0.5917606 0.6149565 0.8275129 0.7680654 0.7302472 0.7604334 0.7280780 0.6623813 0.8721685 0.7781875 0.8979754 0.6992920 0.8086867 0.7153609 0.2085689 0.5910790 0.6826953 0.6260564 0.2205551 0.1819897 0.7112361 0.6975078 0.1754566 0.2225134 0.0305713 0.6240869 0.3945228 0.8883023 0.1779924 0.2122533 0.5892620 0.1938086 0.6776176 0.0445529 0.8621083 0.9516162 
SAG_255-8               0.5833526 0.5800076 0.5619003 0.5608628 0.5709384 0.5860979 0.5676087 0.4754259 0.2342348 0.5241169 0.5816150 0.5592767 0.5400089 0.5504624 0.0000000 0.2438524 0.5608850 0.6134322 0.5439762 0.5589759 0.2428292 0.5725708 0.5547516 0.5602664 0.5315240 0.5374156 0.5458147 0.5013277 0.5919271 0.5696230 0.6068347 0.6251403 0.6005623 0.6076990 0.8618945 0.7397075 0.8405966 0.4731279 0.5447275 0.5601516 0.6236763 0.5463186 0.4652059 0.5390725 0.5685630 0.5525894 0.5401658 0.6521881 0.5575935 0.5145999 0.5472522 0.4622640 0.5526393 0.5206498 0.5589528 0.5763865 0.4377414 0.5854812 0.5681214 0.6638294 0.5268597 0.9139729 
SAG_2562                0.6380819 0.6440056 0.6019733 0.6042905 0.6300994 0.6377234 0.6244897 0.5349272 0.0514143 0.5590211 0.6085761 0.6032447 0.5890026 0.5883844 0.2438524 0.0000000 0.6019077 0.6454203 0.5824560 0.5952916 0.0390563 0.6153549 0.5968469 0.6034086 0.5843820 0.5339794 0.5462724 0.5195010 0.5970203 0.5840725 0.5916240 0.6333364 0.6195219 0.6162832 0.8937858 0.7439244 0.8360896 0.4812735 0.5584280 0.5796406 0.6231211 0.5366037 0.4848231 0.5442004 0.6241542 0.5867282 0.5304365 0.6588101 0.5927444 0.6083557 0.6111443 0.4675284 0.5630652 0.5108534 0.6151912 0.6900162 0.5040537 0.6485124 0.5645328 0.6567012 0.4934563 0.9415560 
SAG_335-1a              0.2159086 0.1950305 0.1869864 0.2104413 0.2130447 0.2225638 0.2102331 0.0502729 0.5888480 0.0297749 0.2012253 0.0277532 0.2321322 0.0312828 0.5608850 0.6019077 0.0000000 0.0565319 0.2249775 0.2263407 0.5702108 0.0714258 0.0706605 0.1221846 0.1732149 0.7039263 0.5634096 0.6307187 0.8248874 0.7696094 0.7609709 0.7829297 0.7607689 0.6748527 0.8712453 0.7633192 0.8574794 0.6328386 0.7744977 0.7205384 0.2140230 0.5773024 0.6669989 0.6105625 0.2360660 0.1850959 0.7016536 0.6861235 0.1863651 0.2537489 0.0196070 0.6562427 0.4129787 0.7277022 0.1792654 0.2424466 0.5392398 0.1953448 0.6581813 0.0453263 0.8321053 0.9726787 
SAG_335-4               0.2048422 0.2022874 0.1892393 0.2093804 0.2060015 0.2149445 0.2088928 0.0220871 0.6366040 0.0568539 0.1963124 0.0521570 0.2444470 0.0505261 0.6134322 0.6454203 0.0565319 0.0000000 0.2244732 0.2328709 0.5935917 0.0677669 0.0673728 0.1250842 0.1763936 0.7656577 0.6948821 0.6985594 0.8626202 0.7892761 0.7778427 0.8097025 0.7851164 0.7542260 0.9371497 0.8270143 0.9192653 0.6879950 0.8079142 0.7658441 0.2191331 0.6875922 0.7414925 0.7194887 0.2427605 0.1918575 0.7632530 0.7834610 0.1994710 0.2529352 0.0527625 0.6458726 0.4329702 0.8483181 0.1910906 0.2180497 0.6338998 0.2044539 0.7650979 0.0749980 0.8072496 1.0157015 
SAG_338-1_OwnSample     0.2574120 0.2348157 0.2369766 0.2545219 0.2523136 0.2665845 0.2544929 0.1885489 0.5764924 0.2086127 0.2440046 0.2300184 0.0913278 0.2069147 0.5439762 0.5824560 0.2249775 0.2244732 0.0000000 0.0004153 0.5560438 0.2247987 0.2209228 0.2161200 0.2082106 0.6570026 0.5859835 0.6309429 0.8489454 0.7854424 0.7509512 0.7437826 0.7304201 0.6797423 0.8804511 0.7603496 0.8714509 0.6783168 0.7535044 0.6926787 0.2099288 0.5631705 0.6876936 0.6514721 0.0273254 0.2133125 0.6620063 0.7095692 0.1982532 0.0854005 0.2326886 0.6725010 0.2351717 0.7207009 0.2151466 0.2609951 0.5299104 0.2279638 0.6764400 0.2886776 0.7330205 0.9515170 
SAG_338-1_SRA_Retrieved 0.2617594 0.2390149 0.2431991 0.2626858 0.2582480 0.2703837 0.2575947 0.2029777 0.5943029 0.2107651 0.2467926 0.2281788 0.0914519 0.2116990 0.5589759 0.5952916 0.2263407 0.2328709 0.0004153 0.0000000 0.5950004 0.2249544 0.2234410 0.2190244 0.2105796 0.6772633 0.5600846 0.6533857 0.8225782 0.7543141 0.7363413 0.7417888 0.7614892 0.6942643 0.8969432 0.7902324 0.9134199 0.6534215 0.7255510 0.6592651 0.2088292 0.6077955 0.6448175 0.6839696 0.0276621 0.2186761 0.6797243 0.7160509 0.1981369 0.0863918 0.2362862 0.6924707 0.2036942 0.7241981 0.2165707 0.2833853 0.6176843 0.2452774 0.6888368 0.2615576 0.7233304 0.9850909 
SAG_36.98               0.5874145 0.6066754 0.5580656 0.5815988 0.5879411 0.5891333 0.5847047 0.5074900 0.0520836 0.5568190 0.5660281 0.5569771 0.5777430 0.5678956 0.2428292 0.0390563 0.5702108 0.5935917 0.5560438 0.5950004 0.0000000 0.5816602 0.5732522 0.5716023 0.5241728 0.5280417 0.5602266 0.5344278 0.6051816 0.5800316 0.5847854 0.6576861 0.6503690 0.6203503 0.8709194 0.7416129 0.8328729 0.5264503 0.5839786 0.6116639 0.6219846 0.5403157 0.5210590 0.5292829 0.6032674 0.5382391 0.5366354 0.6737530 0.5723158 0.5649606 0.5963094 0.4787274 0.5511177 0.5445621 0.5583791 0.5744821 0.5438979 0.6003852 0.5817396 0.7363268 0.5620260 0.8927936 
SAG_384-1_5_Lib         0.2104414 0.1913914 0.1914871 0.2071574 0.2104259 0.2220369 0.2137399 0.0637171 0.6209639 0.0703659 0.2035492 0.0722360 0.2369963 0.0689540 0.5725708 0.6153549 0.0714258 0.0677669 0.2247987 0.2249544 0.5816602 0.0000000 0.0008566 0.1237441 0.1770759 0.7003932 0.6642441 0.6585056 0.8381847 0.7764123 0.7177835 0.8118907 0.7699561 0.7045539 0.8954966 0.7932983 0.8910132 0.6589173 0.7700666 0.7247750 0.2221283 0.6331115 0.6677701 0.6807170 0.2357321 0.1852564 0.7198893 0.7417712 0.1943870 0.2358657 0.0724108 0.6536667 0.4433321 0.6705323 0.1846581 0.2216103 0.6085834 0.1930685 0.7408302 0.0905251 0.8191230 1.0249247 
SAG_384-1_Own-Sample    0.2127533 0.2023592 0.1875680 0.2028584 0.2117420 0.2185638 0.2110683 0.0609647 0.6204790 0.0711720 0.1996105 0.0722108 0.2331877 0.0684657 0.5547516 0.5968469 0.0706605 0.0673728 0.2209228 0.2234410 0.5732522 0.0008566 0.0000000 0.1247245 0.1746131 0.7106926 0.6092905 0.6553401 0.8894869 0.8169319 0.7716021 0.8456337 0.7975944 0.6940233 0.9044921 0.7437969 0.8461515 0.6854269 0.8327238 0.7721739 0.2156147 0.6001644 0.6574833 0.6187086 0.2335480 0.1844606 0.7259567 0.7130176 0.1895938 0.2348892 0.0733850 0.6944651 0.4116536 0.7723248 0.1834941 0.2201641 0.6296096 0.1940309 0.6654077 0.0935878 0.7848007 0.9824069 
SAG_7.96                0.2077525 0.2014881 0.2021969 0.2134239 0.2113044 0.2325880 0.2178684 0.1158169 0.6124146 0.1170653 0.2033842 0.1242191 0.2259692 0.1186691 0.5602664 0.6034086 0.1221846 0.1250842 0.2161200 0.2190244 0.5716023 0.1237441 0.1247245 0.0000000 0.1780047 0.7077493 0.6518443 0.6428736 0.8124989 0.7716398 0.8505704 0.9361150 0.8285648 0.6523754 0.8810100 0.7449060 0.8632156 0.8228420 0.8361321 0.8025982 0.2270013 0.5969576 0.8900811 0.6057242 0.2351086 0.1834642 0.7058048 0.6715424 0.1980462 0.2178051 0.1267631 0.7127761 0.4329020 0.8700599 0.1834655 0.2136480 0.7325201 0.2026562 0.6871811 0.1650795 0.9171952 0.9082680 
SAG_8.96                0.2155641 0.2007897 0.1960695 0.2099195 0.2117145 0.2258726 0.2121802 0.1574856 0.5763222 0.1657711 0.2029576 0.1758045 0.2190090 0.1653749 0.5315240 0.5843820 0.1732149 0.1763936 0.2082106 0.2105796 0.5241728 0.1770759 0.1746131 0.1780047 0.0000000 0.6766451 0.5864308 0.6214533 0.8963365 0.8310074 0.7985428 0.8375992 0.8225664 0.6633449 0.8901286 0.7458339 0.8591500 0.7071404 0.7865707 0.7359949 0.2038927 0.5880246 0.7076803 0.6300990 0.2257330 0.0576422 0.6881179 0.6731148 0.1866109 0.2169513 0.1904859 0.6350931 0.3882044 0.8782148 0.0412412 0.2168409 0.5794291 0.2023917 0.6545660 0.2257473 0.7478191 0.9424709 
UTEX_LB_2353            0.7492606 0.7178001 0.7294402 0.7492022 0.7382557 0.7931675 0.7504768 0.6345929 0.5486180 0.6731608 0.7357398 0.6914083 0.6750667 0.6967066 0.5374156 0.5339794 0.7039263 0.7656577 0.6570026 0.6772633 0.5280417 0.7003932 0.7106926 0.7077493 0.6766451 0.0000000 0.6071347 0.6337570 0.6639269 0.6495978 0.6682760 0.7065320 0.7320494 0.7028154 0.9752640 0.8252436 0.8920042 0.5648085 0.6320082 0.6462002 0.7514485 0.6383875 0.5619919 0.6264086 0.7200430 0.6667647 0.0005447 0.7196262 0.7142626 0.7043495 0.7270634 0.5435989 0.6927316 0.5938666 0.6955081 0.8491432 0.5920939 0.7580917 0.6550850 0.7034383 0.5539940 1.0366146 
Cglobosum               0.7496540 0.7363545 0.6472873 0.7444298 0.6693849 0.6912108 0.6736485 0.6367420 0.5573038 0.5954724 0.5897118 0.7128333 0.6276274 0.5917606 0.5458147 0.5462724 0.5634096 0.6948821 0.5859835 0.5600846 0.5602266 0.6642441 0.6092905 0.6518443 0.5864308 0.6071347 0.0000000 0.3659767 0.5053225 0.4835724 0.5069110 0.5610845 0.5491894 0.5770802 0.7207084 0.6523390 0.7002240 0.4283795 0.4771214 0.4876547 0.5995529 0.4337948 0.3978610 0.4667570 0.6734773 0.6130578 0.6053034 0.5725078 0.6179661 0.6274961 0.6722935 0.3730224 0.5481037 0.4207415 0.6143998 0.7003509 0.4510695 0.6059467 0.5238637 0.6302826 0.4618076 0.7960419 
Corbicularis            0.7136272 0.6685874 0.6362911 0.6580853 0.6635792 0.6917303 0.6476650 0.6690896 0.5221103 0.6266815 0.6506718 0.6578836 0.6277227 0.6149565 0.5013277 0.5195010 0.6307187 0.6985594 0.6309429 0.6533857 0.5344278 0.6585056 0.6553401 0.6428736 0.6214533 0.6337570 0.3659767 0.0000000 0.4707872 0.4471499 0.4718095 0.5076318 0.5032722 0.5777648 0.7186975 0.6408161 0.7049124 0.3852540 0.4539740 0.4623433 0.6863822 0.4203990 0.3664789 0.4461235 0.6904835 0.6174340 0.6297046 0.5913031 0.6856851 0.6712046 0.6986677 0.0473332 0.5680773 0.4148450 0.6255846 0.7348485 0.3753222 0.6418661 0.4696144 0.6242623 0.3870902 0.8009945 
Aagrestis_BONN          0.8230104 0.7634288 0.7001985 0.8191438 0.8133070 0.7713368 0.8063522 0.7487610 0.5804089 0.9493175 0.7189688 0.8795060 0.8063587 0.8275129 0.5919271 0.5970203 0.8248874 0.8626202 0.8489454 0.8225782 0.6051816 0.8381847 0.8894869 0.8124989 0.8963365 0.6639269 0.5053225 0.4707872 0.0000000 0.0001150 0.4218405 0.4621952 0.4626468 0.6481549 0.8229817 0.7210428 0.7857589 0.4408036 0.3774426 0.3971212 0.8181242 0.4540569 0.3833415 0.4972836 0.8540599 0.8785046 0.6590835 0.6412258 0.9354970 0.9178127 0.8660685 0.4550197 0.6159504 0.4331228 0.8190666 0.6683446 0.3377015 0.6911800 0.5455800 0.7290283 0.4626150 0.9029877 
Aagrestis_OXF           0.8221034 0.7706065 0.6621845 0.7654822 0.8036687 0.7079879 0.7865955 0.7518071 0.5640509 0.8336952 0.6823866 0.8322534 0.8025973 0.7680654 0.5696230 0.5840725 0.7696094 0.7892761 0.7854424 0.7543141 0.5800316 0.7764123 0.8169319 0.7716398 0.8310074 0.6495978 0.4835724 0.4471499 0.0001150 0.0000000 0.4081084 0.4491866 0.4457520 0.6261475 0.7828783 0.6814175 0.7423837 0.4154063 0.3662674 0.3775741 0.8086058 0.4397558 0.3835750 0.4722948 0.8337466 0.8284812 0.6358347 0.6091459 0.8514254 0.9033311 0.8139996 0.4244232 0.6008505 0.4322332 0.7503555 0.5790833 0.3268552 0.6498596 0.5201699 0.7238033 0.4398407 0.8921850 
Afiliculoides           0.7890594 0.7805947 0.6984917 0.7535569 0.6973857 0.6830400 0.7252244 0.6773457 0.5711313 0.7690523 0.7090524 0.7948512 0.8188551 0.7302472 0.6068347 0.5916240 0.7609709 0.7778427 0.7509512 0.7363413 0.5847854 0.7177835 0.7716021 0.8505704 0.7985428 0.6682760 0.5069110 0.4718095 0.4218405 0.4081084 0.0000000 0.4156563 0.4369014 0.6655164 0.8378731 0.7005405 0.7947810 0.4347402 0.3845243 0.4079307 0.8063815 0.4897495 0.4106016 0.4861692 0.8458912 0.8081440 0.6465102 0.6559973 0.8292321 0.8672322 0.8528786 0.4632136 0.6049745 0.4468690 0.7537326 0.7651133 0.3226804 0.7074403 0.5247418 0.8020499 0.4310050 0.9280652 
Athaliana               0.9621762 0.9066739 0.7954249 0.8723155 0.7918759 0.7221242 0.8555174 0.7325473 0.6095695 0.7922629 0.7960531 0.7832847 0.8138828 0.7604334 0.6251403 0.6333364 0.7829297 0.8097025 0.7437826 0.7417888 0.6576861 0.8118907 0.8456337 0.9361150 0.8375992 0.7065320 0.5610845 0.5076318 0.4621952 0.4491866 0.4156563 0.0000000 0.2940548 0.6529282 0.8382010 0.7114076 0.8149675 0.4824617 0.4365004 0.4557312 0.8727148 0.5370752 0.4718450 0.5256988 0.8282366 0.8643772 0.7262569 0.6665039 0.8468755 0.7795622 0.9099194 0.5136360 0.6120058 0.4715493 0.8142330 1.0250866 0.3571407 0.7313014 0.5924188 0.8137419 0.5163590 0.9219890 
Bdistachyon             0.9146411 0.8096760 0.8039335 0.8614892 0.7705669 0.7543425 0.8493644 0.7378593 0.6141793 0.7276374 0.7671834 0.7485602 0.8262400 0.7280780 0.6005623 0.6195219 0.7607689 0.7851164 0.7304201 0.7614892 0.6503690 0.7699561 0.7975944 0.8285648 0.8225664 0.7320494 0.5491894 0.5032722 0.4626468 0.4457520 0.4369014 0.2940548 0.0000000 0.6386104 0.7866608 0.6869936 0.7760835 0.4733032 0.4329725 0.4496619 0.7787296 0.5098192 0.4542368 0.5050672 0.8076364 0.8544589 0.7134816 0.6639816 0.8043194 0.7626110 0.9191818 0.4988364 0.5873463 0.4779849 0.7926070 0.9642869 0.3654192 0.8296614 0.5601012 0.7916202 0.5116914 0.8748038 
Catmophyticus           0.7534650 0.7741643 0.7103537 0.7284792 0.7090984 0.7562985 0.7196456 0.6866747 0.6256080 0.6848560 0.7203347 0.7374761 0.6702506 0.6623813 0.6076990 0.6162832 0.6748527 0.7542260 0.6797423 0.6942643 0.6203503 0.7045539 0.6940233 0.6523754 0.6633449 0.7028154 0.5770802 0.5777648 0.6481549 0.6261475 0.6655164 0.6529282 0.6386104 0.0000000 0.7106498 0.6121285 0.6802985 0.5363418 0.5947369 0.6037178 0.5670325 0.5843500 0.5147130 0.5651613 0.7340047 0.6931831 0.7154489 0.5198206 0.7361979 0.7791559 0.7501493 0.5388556 0.6619886 0.5663820 0.6774764 0.8164656 0.5251597 0.7268305 0.6337427 0.6773872 0.5821212 0.7864682 
Creinhardtii            0.9727671 1.0048462 0.8477702 0.9306776 0.9748163 0.9838693 0.9120298 0.9271198 0.8718058 0.8728467 0.9149661 0.9660743 0.8944251 0.8721685 0.8618945 0.8937858 0.8712453 0.9371497 0.8804511 0.8969432 0.8709194 0.8954966 0.9044921 0.8810100 0.8901286 0.9752640 0.7207084 0.7186975 0.8229817 0.7828783 0.8378731 0.8382010 0.7866608 0.7106498 0.0000000 0.5507927 0.5873484 0.6854520 0.7826387 0.8256946 0.8676546 0.7152826 0.6427800 0.7238502 0.9371993 0.9101179 0.9947639 0.7098812 0.9727127 0.8845962 1.0092285 0.7066113 0.8058462 0.6826296 0.9192258 1.0937154 0.6756636 0.8804017 0.8371643 0.9316732 0.7037608 0.7050990 
Csubellipsoidea         0.8885834 0.9412638 0.8196504 0.8277747 0.8523944 0.8880264 0.8574004 0.7870816 0.7755531 0.7610950 0.8452488 0.8640237 0.7515422 0.7781875 0.7397075 0.7439244 0.7633192 0.8270143 0.7603496 0.7902324 0.7416129 0.7932983 0.7437969 0.7449060 0.7458339 0.8252436 0.6523390 0.6408161 0.7210428 0.6814175 0.7005405 0.7114076 0.6869936 0.6121285 0.5507927 0.0000000 0.4851175 0.6178847 0.6858330 0.6994810 0.7741633 0.6375190 0.5711358 0.6154672 0.8576015 0.7744953 0.8323711 0.6168789 0.7477605 0.8378215 0.8034591 0.6093401 0.7235363 0.6215558 0.7958965 0.9279962 0.5767694 0.8012075 0.7169922 0.9053052 0.6202858 0.6338341 
Cvulgaris               1.0140751 1.0002229 0.9434338 0.9380164 0.9834026 1.0295526 0.9469464 0.9165921 0.8832454 0.8649147 0.9322955 0.9903557 0.8928407 0.8979754 0.8405966 0.8360896 0.8574794 0.9192653 0.8714509 0.9134199 0.8328729 0.8910132 0.8461515 0.8632156 0.8591500 0.8920042 0.7002240 0.7049124 0.7857589 0.7423837 0.7947810 0.8149675 0.7760835 0.6802985 0.5873484 0.4851175 0.0000000 0.6620191 0.7498726 0.7728048 0.9055846 0.7095676 0.6328094 0.6750891 0.9412353 0.8913639 0.9202756 0.6994826 0.9284812 0.9202696 0.9753092 0.7178683 0.8247123 0.6605189 0.9337425 1.0065728 0.6679363 0.8940897 0.8146404 0.9650079 0.6842059 0.6926614 
Mendlicherianum         0.7816334 0.7410780 0.6868546 0.7218000 0.6880564 0.6273374 0.6911130 0.6055555 0.4852172 0.6006979 0.6478693 0.6937617 0.7163649 0.6992920 0.4731279 0.4812735 0.6328386 0.6879950 0.6783168 0.6534215 0.5264503 0.6589173 0.6854269 0.8228420 0.7071404 0.5648085 0.4283795 0.3852540 0.4408036 0.4154063 0.4347402 0.4824617 0.4733032 0.5363418 0.6854520 0.6178847 0.6620191 0.0000000 0.4213599 0.4303872 0.6434341 0.3710845 0.3219261 0.4101606 0.7734722 0.7758987 0.5658277 0.5571134 0.5966009 0.6991835 0.6721551 0.3767244 0.5166507 0.3671922 0.6622543 0.8388541 0.3595672 0.6163581 0.4660000 0.5211322 0.3677754 0.7598273 
Mpolymorpha             0.8768931 0.8429966 0.7280066 0.8568586 0.8059194 0.7799457 0.8432373 0.8207319 0.5348255 0.7870136 0.7414227 0.8796492 0.7534693 0.8086867 0.5447275 0.5584280 0.7744977 0.8079142 0.7535044 0.7255510 0.5839786 0.7700666 0.8327238 0.8361321 0.7865707 0.6320082 0.4771214 0.4539740 0.3774426 0.3662674 0.3845243 0.4365004 0.4329725 0.5947369 0.7826387 0.6858330 0.7498726 0.4213599 0.0000000 0.3431645 0.7178474 0.4531343 0.3848819 0.4549589 0.8411041 0.8171267 0.6164132 0.6015285 0.7301339 0.7810489 0.7951146 0.4224891 0.5678318 0.4373989 0.7491305 0.8153594 0.2694552 0.7864226 0.4965698 0.7051976 0.4173820 0.8920540 
Ppatens                 0.8672909 0.8308820 0.7208629 0.7869285 0.7333648 0.7615457 0.7741998 0.7192588 0.5507434 0.7422582 0.6910117 0.7730111 0.7330752 0.7153609 0.5601516 0.5796406 0.7205384 0.7658441 0.6926787 0.6592651 0.6116639 0.7247750 0.7721739 0.8025982 0.7359949 0.6462002 0.4876547 0.4623433 0.3971212 0.3775741 0.4079307 0.4557312 0.4496619 0.6037178 0.8256946 0.6994810 0.7728048 0.4303872 0.3431645 0.0000000 0.7178616 0.4734794 0.3982680 0.4787929 0.7703397 0.7643896 0.6415875 0.6195670 0.7330637 0.7317477 0.7352017 0.4390924 0.5695121 0.4356573 0.7036271 0.8580461 0.3220326 0.7459605 0.5325583 0.6372923 0.4329815 0.9204432 
SAG_2307                0.2727061 0.2679046 0.2382074 0.2717240 0.2636838 0.2608304 0.2634711 0.2106832 0.6292496 0.1998916 0.2539229 0.2296470 0.2181407 0.2085689 0.6236763 0.6231211 0.2140230 0.2191331 0.2099288 0.2088292 0.6219846 0.2221283 0.2156147 0.2270013 0.2038927 0.7514485 0.5995529 0.6863822 0.8181242 0.8086058 0.8063815 0.8727148 0.7787296 0.5670325 0.8676546 0.7741633 0.9055846 0.6434341 0.7178474 0.7178616 0.0000000 0.6837380 0.5843783 0.6282073 0.2415575 0.2172271 0.7701133 0.7084893 0.0554910 0.2392992 0.2263621 0.7359779 0.4407859 0.6537048 0.2168326 0.2614254 0.7360624 0.2598122 0.6352711 0.2742583 0.6678488 1.0280633 
Smuscicola              0.7267531 0.7063791 0.6476773 0.6715021 0.6920780 0.7227558 0.6786236 0.6499061 0.5299488 0.5826150 0.6256181 0.6420001 0.6124346 0.5910790 0.5463186 0.5366037 0.5773024 0.6875922 0.5631705 0.6077955 0.5403157 0.6331115 0.6001644 0.5969576 0.5880246 0.6383875 0.4337948 0.4203990 0.4540569 0.4397558 0.4897495 0.5370752 0.5098192 0.5843500 0.7152826 0.6375190 0.7095676 0.3710845 0.4531343 0.4734794 0.6837380 0.0000000 0.3569226 0.4716379 0.6653427 0.6224326 0.6316776 0.5824246 0.6749732 0.6389588 0.6750089 0.4268350 0.5541269 0.4007320 0.6272613 0.7818222 0.4031129 0.6908079 0.5167724 0.6688800 0.4153666 0.7800093 
Zcircumcarinatum        0.8493225 0.7541827 0.6397931 0.7244367 0.6986911 0.6637566 0.7144966 0.7226729 0.4676722 0.5572068 0.6970464 0.7342651 0.7308469 0.6826953 0.4652059 0.4848231 0.6669989 0.7414925 0.6876936 0.6448175 0.5210590 0.6677701 0.6574833 0.8900811 0.7076803 0.5619919 0.3978610 0.3664789 0.3833415 0.3835750 0.4106016 0.4718450 0.4542368 0.5147130 0.6427800 0.5711358 0.6328094 0.3219261 0.3848819 0.3982680 0.5843783 0.3569226 0.0000000 0.3941132 0.7417489 0.8050775 0.5627319 0.5077536 0.6111401 0.8111604 0.7058228 0.3527174 0.4946400 0.3356489 0.6893138 0.8614984 0.2824950 0.6447971 0.4605542 0.4665487 0.3034276 0.7339234 
Cbraunii                0.7221329 0.6727421 0.6013075 0.6644424 0.7258242 0.7491928 0.6803025 0.6940079 0.5170053 0.6433732 0.6415264 0.6707655 0.6623305 0.6260564 0.5390725 0.5442004 0.6105625 0.7194887 0.6514721 0.6839696 0.5292829 0.6807170 0.6187086 0.6057242 0.6300990 0.6264086 0.4667570 0.4461235 0.4972836 0.4722948 0.4861692 0.5256988 0.5050672 0.5651613 0.7238502 0.6154672 0.6750891 0.4101606 0.4549589 0.4787929 0.6282073 0.4716379 0.3941132 0.0000000 0.6919346 0.6709636 0.6183940 0.6014524 0.7085798 0.7144224 0.7392288 0.4614686 0.5458772 0.4396220 0.6610182 0.7664667 0.3762103 0.6137082 0.2168058 0.6691448 0.4619025 0.8027878 
SAG_2100                0.2712090 0.2466750 0.2524625 0.2738995 0.2658349 0.2807924 0.2673234 0.2091291 0.6168520 0.2295984 0.2605447 0.2280997 0.0988565 0.2205551 0.5685630 0.6241542 0.2360660 0.2427605 0.0273254 0.0276621 0.6032674 0.2357321 0.2335480 0.2351086 0.2257330 0.7200430 0.6734773 0.6904835 0.8540599 0.8337466 0.8458912 0.8282366 0.8076364 0.7340047 0.9371993 0.8576015 0.9412353 0.7734722 0.8411041 0.7703397 0.2415575 0.6653427 0.7417489 0.6919346 0.0000000 0.2310846 0.7162849 0.7611818 0.2157691 0.0902039 0.2298232 0.6767299 0.2571282 0.7406498 0.2388976 0.3039042 0.5953633 0.2483307 0.7086860 0.3032130 0.8304071 1.0606122 
SAG_37.86               0.2219396 0.2216605 0.2059091 0.2240737 0.2196492 0.2361134 0.2221888 0.1668707 0.5981252 0.1820316 0.2136767 0.1884654 0.2240590 0.1819897 0.5525894 0.5867282 0.1850959 0.1918575 0.2133125 0.2186761 0.5382391 0.1852564 0.1844606 0.1834642 0.0576422 0.6667647 0.6130578 0.6174340 0.8785046 0.8284812 0.8081440 0.8643772 0.8544589 0.6931831 0.9101179 0.7744953 0.8913639 0.7758987 0.8171267 0.7643896 0.2172271 0.6224326 0.8050775 0.6709636 0.2310846 0.0000000 0.6725700 0.6907677 0.1969125 0.2190348 0.1892155 0.6254173 0.3990358 0.9685853 0.0630819 0.2264861 0.6497276 0.2180637 0.6714174 0.2383717 0.7463749 0.9869734 
UTEX_2793               0.7739539 0.7501360 0.7545691 0.7482736 0.7259431 0.8163943 0.7370009 0.6617148 0.5421162 0.6697992 0.7343852 0.7122515 0.6848337 0.7112361 0.5401658 0.5304365 0.7016536 0.7632530 0.6620063 0.6797243 0.5366354 0.7198893 0.7259567 0.7058048 0.6881179 0.0005447 0.6053034 0.6297046 0.6590835 0.6358347 0.6465102 0.7262569 0.7134816 0.7154489 0.9947639 0.8323711 0.9202756 0.5658277 0.6164132 0.6415875 0.7701133 0.6316776 0.5627319 0.6183940 0.7162849 0.6725700 0.0000000 0.7371727 0.7043367 0.7579589 0.7398609 0.5466745 0.7066210 0.6104066 0.7034497 0.8357662 0.5965742 0.7511923 0.6650385 0.7370288 0.5987647 1.0852132 
Mviride                 0.8016979 0.8700261 0.7345040 0.7895915 0.7923106 0.7924450 0.7927262 0.7286990 0.6723905 0.6789504 0.7768799 0.7858031 0.7422996 0.6975078 0.6521881 0.6588101 0.6861235 0.7834610 0.7095692 0.7160509 0.6737530 0.7417712 0.7130176 0.6715424 0.6731148 0.7196262 0.5725078 0.5913031 0.6412258 0.6091459 0.6559973 0.6665039 0.6639816 0.5198206 0.7098812 0.6168789 0.6994826 0.5571134 0.6015285 0.6195670 0.7084893 0.5824246 0.5077536 0.6014524 0.7611818 0.6907677 0.7371727 0.0000000 0.7510641 0.7381943 0.7229779 0.4901586 0.6675737 0.5377221 0.6839816 0.9806250 0.5388607 0.7625808 0.6322535 0.8375625 0.5613544 0.7839590 
A1-1a                   0.2340413 0.2268349 0.2129872 0.2517831 0.2345655 0.2524739 0.2431036 0.1663492 0.6045278 0.1650307 0.2409111 0.1853012 0.2101466 0.1754566 0.5575935 0.5927444 0.1863651 0.1994710 0.1982532 0.1981369 0.5723158 0.1943870 0.1895938 0.1980462 0.1866109 0.7142626 0.6179661 0.6856851 0.9354970 0.8514254 0.8292321 0.8468755 0.8043194 0.7361979 0.9727127 0.7477605 0.9284812 0.5966009 0.7301339 0.7330637 0.0554910 0.6749732 0.6111401 0.7085798 0.2157691 0.1969125 0.7043367 0.7510641 0.0000000 0.2058200 0.2108329 0.7244305 0.3857966 0.7198106 0.1918023 0.2323277 0.6060476 0.2196143 0.7197648 0.2573890 0.6880348 1.0877335 
SAG_2102                0.2447390 0.2396576 0.2365265 0.2824938 0.2428377 0.2590475 0.2623400 0.2236676 0.6132886 0.2367214 0.2502638 0.2271169 0.0769345 0.2225134 0.5145999 0.6083557 0.2537489 0.2529352 0.0854005 0.0863918 0.5649606 0.2358657 0.2348892 0.2178051 0.2169513 0.7043495 0.6274961 0.6712046 0.9178127 0.9033311 0.8672322 0.7795622 0.7626110 0.7791559 0.8845962 0.8378215 0.9202696 0.6991835 0.7810489 0.7317477 0.2392992 0.6389588 0.8111604 0.7144224 0.0902039 0.2190348 0.7579589 0.7381943 0.2058200 0.0000000 0.2128427 0.7274035 0.2216191 0.7583149 0.2335370 0.2521262 0.7317678 0.2639579 0.7170682 0.3059809 0.9429116 1.0759557 
SAG_2417                0.2261912 0.2020196 0.1961810 0.2119521 0.2182150 0.2258307 0.2120302 0.0486127 0.5962144 0.0342727 0.2028834 0.0280547 0.2356869 0.0305713 0.5472522 0.6111443 0.0196070 0.0527625 0.2326886 0.2362862 0.5963094 0.0724108 0.0733850 0.1267631 0.1904859 0.7270634 0.6722935 0.6986677 0.8660685 0.8139996 0.8528786 0.9099194 0.9191818 0.7501493 1.0092285 0.8034591 0.9753092 0.6721551 0.7951146 0.7352017 0.2263621 0.6750089 0.7058228 0.7392288 0.2298232 0.1892155 0.7398609 0.7229779 0.2108329 0.2128427 0.0000000 0.7174550 0.4310726 0.8067896 0.1987520 0.2135284 0.7403818 0.2003391 0.7048044 0.0503015 0.8522112 1.0967830 
Cscutata                0.7626439 0.6483310 0.7178154 0.6914411 0.6515290 0.6727682 0.6462874 0.6622338 0.4818353 0.6116534 0.6956750 0.6724604 0.6716873 0.6240869 0.4622640 0.4675284 0.6562427 0.6458726 0.6725010 0.6924707 0.4787274 0.6536667 0.6944651 0.7127761 0.6350931 0.5435989 0.3730224 0.0473332 0.4550197 0.4244232 0.4632136 0.5136360 0.4988364 0.5388556 0.7066113 0.6093401 0.7178683 0.3767244 0.4224891 0.4390924 0.7359779 0.4268350 0.3527174 0.4614686 0.6767299 0.6254173 0.5466745 0.4901586 0.7244305 0.7274035 0.7174550 0.0000000 0.5583240 0.3846998 0.6446011 0.7398797 0.3912029 0.6065747 0.4947864 0.6503649 0.3879154 0.7643240 
SAG_2559                0.4680303 0.4352745 0.4151032 0.4082881 0.4139656 0.4189319 0.4035735 0.3690239 0.5684163 0.3939467 0.4089220 0.3974919 0.2627898 0.3945228 0.5526393 0.5630652 0.4129787 0.4329702 0.2351717 0.2036942 0.5511177 0.4433321 0.4116536 0.4329020 0.3882044 0.6927316 0.5481037 0.5680773 0.6159504 0.6008505 0.6049745 0.6120058 0.5873463 0.6619886 0.8058462 0.7235363 0.8247123 0.5166507 0.5678318 0.5695121 0.4407859 0.5541269 0.4946400 0.5458772 0.2571282 0.3990358 0.7066210 0.6675737 0.3857966 0.2216191 0.4310726 0.5583240 0.0000000 0.6169222 0.4141792 0.4394084 0.5098928 0.4010395 0.6003209 0.3769330 0.5196172 0.8514602 
Spratensis              0.7973115 0.5333011 0.6444413 0.7847719 0.8309320 0.9357357 0.7736860 0.8425862 0.5023329 0.7016730 0.7236021 0.7881634 0.8110641 0.8883023 0.5206498 0.5108534 0.7277022 0.8483181 0.7207009 0.7241981 0.5445621 0.6705323 0.7723248 0.8700599 0.8782148 0.5938666 0.4207415 0.4148450 0.4331228 0.4322332 0.4468690 0.4715493 0.4779849 0.5663820 0.6826296 0.6215558 0.6605189 0.3671922 0.4373989 0.4356573 0.6537048 0.4007320 0.3356489 0.4396220 0.7406498 0.9685853 0.6104066 0.5377221 0.7198106 0.7583149 0.8067896 0.3846998 0.6169222 0.0000000 0.7157031 0.8949888 0.2764472 0.6303282 0.5208962 0.5131717 0.4283907 0.8012294 
SAG_2415                0.2205993 0.2142734 0.2053225 0.2258936 0.2181552 0.2350408 0.2197568 0.1743684 0.6028755 0.1746005 0.2115732 0.1817510 0.2264799 0.1779924 0.5589528 0.6151912 0.1792654 0.1910906 0.2151466 0.2165707 0.5583791 0.1846581 0.1834941 0.1834655 0.0412412 0.6955081 0.6143998 0.6255846 0.8190666 0.7503555 0.7537326 0.8142330 0.7926070 0.6774764 0.9192258 0.7958965 0.9337425 0.6622543 0.7491305 0.7036271 0.2168326 0.6272613 0.6893138 0.6610182 0.2388976 0.0630819 0.7034497 0.6839816 0.1918023 0.2335370 0.1987520 0.6446011 0.4141792 0.7157031 0.0000000 0.2207064 0.5650420 0.2161972 0.6896986 0.2379902 0.7207066 0.9938192 
14614.18.18             0.0713354 0.0886338 0.0808865 0.0881867 0.0668322 0.0333304 0.0910369 0.1988879 0.7014094 0.2258833 0.0849534 0.2193098 0.2832867 0.2122533 0.5763865 0.6900162 0.2424466 0.2180497 0.2609951 0.2833853 0.5744821 0.2216103 0.2201641 0.2136480 0.2168409 0.8491432 0.7003509 0.7348485 0.6683446 0.5790833 0.7651133 1.0250866 0.9642869 0.8164656 1.0937154 0.9279962 1.0065728 0.8388541 0.8153594 0.8580461 0.2614254 0.7818222 0.8614984 0.7664667 0.3039042 0.2264861 0.8357662 0.9806250 0.2323277 0.2521262 0.2135284 0.7398797 0.4394084 0.8949888 0.2207064 0.0000000 0.5389570 0.0985780 0.7777439 0.2733449 0.8052362 1.1051255 
Itaiwanensis            0.6018869 0.7231313 0.5415142 0.6920719 0.6501721 0.4627833 0.6970333 0.6191708 0.4727944 0.5251137 0.5792740 0.6493999 0.7100887 0.5892620 0.4377414 0.5040537 0.5392398 0.6338998 0.5299104 0.6176843 0.5438979 0.6085834 0.6296096 0.7325201 0.5794291 0.5920939 0.4510695 0.3753222 0.3377015 0.3268552 0.3226804 0.3571407 0.3654192 0.5251597 0.6756636 0.5767694 0.6679363 0.3595672 0.2694552 0.3220326 0.7360624 0.4031129 0.2824950 0.3762103 0.5953633 0.6497276 0.5965742 0.5388607 0.6060476 0.7317678 0.7403818 0.3912029 0.5098928 0.2764472 0.5650420 0.5389570 0.0000000 0.7253295 0.4548129 0.8536016 0.3320627 0.7578215 
LUK_68                  0.0907684 0.0922355 0.0473853 0.0621842 0.0820815 0.0969049 0.0976292 0.1778031 0.6649050 0.1966805 0.0510474 0.1914302 0.2368659 0.1938086 0.5854812 0.6485124 0.1953448 0.2044539 0.2279638 0.2452774 0.6003852 0.1930685 0.1940309 0.2026562 0.2023917 0.7580917 0.6059467 0.6418661 0.6911800 0.6498596 0.7074403 0.7313014 0.8296614 0.7268305 0.8804017 0.8012075 0.8940897 0.6163581 0.7864226 0.7459605 0.2598122 0.6908079 0.6447971 0.6137082 0.2483307 0.2180637 0.7511923 0.7625808 0.2196143 0.2639579 0.2003391 0.6065747 0.4010395 0.6303282 0.2161972 0.0985780 0.7253295 0.0000000 0.7538965 0.2624153 0.9511263 0.8735012 
Nmirabilis              0.8079692 0.7099472 0.7161862 0.7285958 0.7558755 0.7466522 0.7000656 0.7137053 0.5548277 0.6680685 0.6787972 0.6865437 0.6956225 0.6776176 0.5681214 0.5645328 0.6581813 0.7650979 0.6764400 0.6888368 0.5817396 0.7408302 0.6654077 0.6871811 0.6545660 0.6550850 0.5238637 0.4696144 0.5455800 0.5201699 0.5247418 0.5924188 0.5601012 0.6337427 0.8371643 0.7169922 0.8146404 0.4660000 0.4965698 0.5325583 0.6352711 0.5167724 0.4605542 0.2168058 0.7086860 0.6714174 0.6650385 0.6322535 0.7197648 0.7170682 0.7048044 0.4947864 0.6003209 0.5208962 0.6896986 0.7777439 0.4548129 0.7538965 0.0000000 0.6440274 0.5051569 0.8964154 
UTEX_623                0.2631789 0.2362601 0.2276691 0.2555234 0.2628048 0.2691328 0.2521421 0.0614334 0.6662744 0.0374506 0.2473319 0.0419901 0.2848817 0.0445529 0.6638294 0.6567012 0.0453263 0.0749980 0.2886776 0.2615576 0.7363268 0.0905251 0.0935878 0.1650795 0.2257473 0.7034383 0.6302826 0.6242623 0.7290283 0.7238033 0.8020499 0.8137419 0.7916202 0.6773872 0.9316732 0.9053052 0.9650079 0.5211322 0.7051976 0.6372923 0.2742583 0.6688800 0.4665487 0.6691448 0.3032130 0.2383717 0.7370288 0.8375625 0.2573890 0.3059809 0.0503015 0.6503649 0.3769330 0.5131717 0.2379902 0.2733449 0.8536016 0.2624153 0.6440274 0.0000000 0.5860454 1.2037320 
Mougeotiasp             0.9259592 0.9391274 0.8596558 0.8323053 0.8283947 0.7478086 0.9156100 0.7092248 0.4796821 0.6994921 0.8039495 0.9439171 0.7999481 0.8621083 0.5268597 0.4934563 0.8321053 0.8072496 0.7330205 0.7233304 0.5620260 0.8191230 0.7848007 0.9171952 0.7478191 0.5539940 0.4618076 0.3870902 0.4626150 0.4398407 0.4310050 0.5163590 0.5116914 0.5821212 0.7037608 0.6202858 0.6842059 0.3677754 0.4173820 0.4329815 0.6678488 0.4153666 0.3034276 0.4619025 0.8304071 0.7463749 0.5987647 0.5613544 0.6880348 0.9429116 0.8522112 0.3879154 0.5196172 0.4283907 0.7207066 0.8052362 0.3320627 0.9511263 0.5051569 0.5860454 0.0000000 0.8031629 
Umutabilis              1.0478327 1.0686726 0.9107510 1.0314148 1.0487970 1.0567609 1.0059789 0.9017335 0.9432393 0.9398804 0.9977466 1.0736357 0.9332654 0.9516162 0.9139729 0.9415560 0.9726787 1.0157015 0.9515170 0.9850909 0.8927936 1.0249247 0.9824069 0.9082680 0.9424709 1.0366146 0.7960419 0.8009945 0.9029877 0.8921850 0.9280652 0.9219890 0.8748038 0.7864682 0.7050990 0.6338341 0.6926614 0.7598273 0.8920540 0.9204432 1.0280633 0.7800093 0.7339234 0.8027878 1.0606122 0.9869734 1.0852132 0.7839590 1.0877335 1.0759557 1.0967830 0.7643240 0.8514602 0.8012294 0.9938192 1.1051255 0.7578215 0.8735012 0.8964154 1.2037320 0.8031629 0.0000000 
