62
14614.18.24             0.0000000 0.1724981 0.1363852 0.1602811 0.0039235 0.1252975 0.1808215 0.3619501 1.5302409 0.4140059 0.1510759 0.4309994 0.5916198 0.4120371 1.4428854 1.6017568 0.4371468 0.4144384 0.5360326 0.5452975 1.4496779 0.4271593 0.4321853 0.4167378 0.4373899 1.9237651 1.9231645 1.8452559 2.1105422 2.1083318 2.0121520 2.5461123 2.4052237 1.9165759 2.5358641 2.3162634 2.6576827 1.9955050 2.2620762 2.2293786 0.5743021 1.8445155 2.2092733 1.8368533 0.5705206 0.4511551 1.9922682 2.0572207 0.4782910 0.4964481 0.4584102 2.0013158 1.1230739 2.1552134 0.4496824 0.1244290 1.4969494 0.1610966 2.0807408 0.5627249 2.4935182 2.7972382 
14615.5a                0.1724981 0.0000000 0.1382402 0.1841823 0.1710861 0.1816573 0.0026271 0.3454016 1.5696589 0.3697141 0.1553545 0.3860231 0.5198639 0.3993742 1.4199740 1.6366017 0.3892412 0.4050106 0.4813415 0.4934673 1.5121979 0.3794073 0.4028370 0.3990756 0.4035380 1.8461347 1.8669181 1.7269947 1.9689944 1.9927452 1.9964398 2.3751551 2.1060212 1.9932436 2.6448754 2.4882577 2.6297277 1.8614005 2.1732292 2.1421621 0.5677975 1.7957582 1.9048038 1.7186043 0.5086090 0.4508804 1.9400661 2.2886261 0.4667122 0.4793129 0.4031847 1.6700568 1.0390376 1.3396908 0.4360666 0.1572882 1.8120665 0.1631552 1.8124044 0.4934505 2.4438626 2.8387984 
14621.10.21             0.1363852 0.1382402 0.0000000 0.0358537 0.1386327 0.1471417 0.1516784 0.3293252 1.4636880 0.3607314 0.0755523 0.3683563 0.5105141 0.3551156 1.3650309 1.4894884 0.3710024 0.3768896 0.4839973 0.5024169 1.3622278 0.3806418 0.3714634 0.4044401 0.3901191 1.8737379 1.6017762 1.6094019 1.7561143 1.6625059 1.7658117 2.0550146 2.0710390 1.7913397 2.1885096 2.1388739 2.4544958 1.7302948 1.8083415 1.8049765 0.4925445 1.6103455 1.5830588 1.5046123 0.5211936 0.4122407 1.9584768 1.8708349 0.4273722 0.4798257 0.3925789 1.8607246 0.9654305 1.6955475 0.4126152 0.1428432 1.2721095 0.0802248 1.8100742 0.4777517 2.2018773 2.3853054 
ATA-1-4-KH11            0.1602811 0.1841823 0.0358537 0.0000000 0.1492187 0.1737646 0.1781934 0.3924395 1.4880611 0.4114240 0.0878959 0.4179210 0.5702544 0.3985897 1.3801426 1.5117079 0.4245250 0.4228873 0.5266760 0.5507897 1.4430750 0.4166974 0.4053825 0.4310953 0.4245280 1.9386734 1.9168711 1.6785603 2.1391396 1.9778614 1.9366104 2.2750399 2.2495090 1.8573769 2.4185222 2.1574771 2.4454365 1.8411960 2.2166678 2.0217256 0.5780998 1.6889447 1.8424979 1.6926322 0.5769781 0.4565133 1.9406653 2.0324154 0.5238376 0.5909837 0.4270829 1.7867100 0.9475187 2.0808051 0.4627982 0.1554415 1.7925573 0.1075864 1.8656269 0.5402656 2.1997452 2.7203775 
ATA1.5-3-RM7            0.0039235 0.1710861 0.1386327 0.1492187 0.0000000 0.1223845 0.1755196 0.3684579 1.5249116 0.4110196 0.1432775 0.4235265 0.5663970 0.4072760 1.4111043 1.5779260 0.4306215 0.4160370 0.5236827 0.5384520 1.4490027 0.4251787 0.4283526 0.4252637 0.4279398 1.8874170 1.6732864 1.6962788 2.1303095 2.0975585 1.7643716 2.0449913 1.9767637 1.7914375 2.5554188 2.2329050 2.5852318 1.7270173 2.0616724 1.8464225 0.5550813 1.7447871 1.7535093 1.8645510 0.5574178 0.4452311 1.8530096 2.0390775 0.4813253 0.4881925 0.4395557 1.6594608 0.9587979 2.2121457 0.4427696 0.1154391 1.6582928 0.1430474 1.9512308 0.5613168 2.2186836 2.7800863 
ATA2-1-CV14             0.1252975 0.1816573 0.1471417 0.1737646 0.1223845 0.0000000 0.1950900 0.3710735 1.5356105 0.4309769 0.1637405 0.4542068 0.6013909 0.4310111 1.4452356 1.5992147 0.4509929 0.4331910 0.5570221 0.5687225 1.4580420 0.4516973 0.4410939 0.4723171 0.4589144 2.0631497 1.7396591 1.7705168 1.9965466 1.8188976 1.7462816 1.8439111 1.9451825 1.9324121 2.5958410 2.3568075 2.7403240 1.5556043 1.9990449 1.9369731 0.5451524 1.8170756 1.6971543 1.9165345 0.5930838 0.4815010 2.1388290 2.0238601 0.5230681 0.5277927 0.4532280 1.7295692 0.9727994 2.5644018 0.4823580 0.0555361 1.0997276 0.1710384 1.9096009 0.5731378 1.9928705 2.8119936 
ATA5.5-1-CV2            0.1808215 0.0026271 0.1516784 0.1781934 0.1755196 0.1950900 0.0000000 0.3749101 1.5224311 0.4139843 0.1644129 0.4215713 0.5632078 0.4095230 1.3909543 1.5581648 0.4242612 0.4215104 0.5271958 0.5371916 1.4461314 0.4310552 0.4248125 0.4381263 0.4301670 1.9404232 1.6919376 1.6431093 2.1430439 2.0804754 1.8602112 2.2190491 2.1893928 1.8380780 2.3867245 2.2536069 2.4795851 1.7533787 2.1781260 1.9864767 0.5555311 1.6975355 1.8316038 1.7361578 0.5579009 0.4511414 1.9018700 2.0478670 0.5032025 0.5371206 0.4257734 1.6456940 0.9345962 2.0667939 0.4481566 0.1617118 1.7329740 0.1747525 1.7883288 0.5308470 2.4398825 2.6876453 
CCAC_0119               0.3619501 0.3454016 0.3293252 0.3924395 0.3684579 0.3710735 0.3749101 0.0000000 1.3778045 0.0877421 0.3442591 0.0812003 0.3986127 0.0804582 1.1239906 1.3000652 0.0855511 0.0365154 0.3722166 0.4044015 1.2185943 0.1106497 0.1058831 0.2120822 0.3013036 1.5892224 1.6182052 1.7211221 1.9541797 1.9638216 1.7428677 1.9433698 1.9195398 1.7176471 2.4092725 2.0288351 2.3509718 1.5111723 2.1433683 1.8259005 0.4243867 1.6165247 1.8825059 1.7684285 0.4219977 0.3196429 1.6772225 1.8587524 0.3212227 0.4457830 0.0827464 1.7133879 0.8331743 2.2993789 0.3377517 0.3901105 1.5321830 0.3426393 1.8162792 0.1054670 1.9191184 2.3498512 
CMT-NP38                1.5302409 1.5696589 1.4636880 1.4880611 1.5249116 1.5356105 1.5224311 1.3778045 0.0000000 1.3703651 1.4881023 1.5035202 1.4737985 1.4921710 0.4701973 0.0869627 1.4576063 1.6071676 1.4273398 1.4817477 0.0879383 1.5619068 1.5513396 1.5140592 1.4220513 1.3207790 1.3406087 1.2565721 1.4069067 1.3680457 1.3929545 1.4849146 1.4925081 1.5389029 2.2629805 1.9816385 2.2832423 1.1316295 1.2775186 1.3093595 1.5637258 1.2622603 1.1056889 1.2437576 1.5365188 1.4860471 1.3017215 1.6778224 1.5062494 1.5256206 1.4955782 1.1549494 1.3819548 1.1752199 1.4941523 1.7956231 1.1215759 1.6663583 1.3507101 1.7160863 1.1361225 2.4697130 
EiE-15a                 0.4140059 0.3697141 0.3607314 0.4114240 0.4110196 0.4309769 0.4139843 0.0877421 1.3703651 0.0000000 0.4080606 0.0410278 0.4456897 0.0559445 1.2634199 1.3662019 0.0495248 0.0981624 0.4228905 0.4274401 1.3574953 0.1233327 0.1247273 0.2145834 0.3218023 1.7099489 1.4930200 1.6096921 2.5631832 2.2018716 1.9897152 2.0482386 1.8462536 1.7471157 2.2913826 1.9727914 2.2635158 1.4566087 2.0081761 1.8808803 0.4065535 1.4423250 1.3919020 1.6365599 0.4713173 0.3556694 1.7102578 1.7391727 0.3230981 0.4787974 0.0570427 1.5691094 0.9143113 1.7869306 0.3443899 0.4570957 1.3178495 0.3855645 1.6954987 0.0635185 1.8245243 2.5013224 
NH-18.1                 0.1510759 0.1553545 0.0755523 0.0878959 0.1432775 0.1637405 0.1644129 0.3442591 1.4881023 0.4080606 0.0000000 0.4069280 0.5244201 0.3789313 1.4339625 1.5107045 0.4040025 0.3922393 0.5038716 0.5112078 1.3821385 0.4078692 0.3987576 0.4063799 0.4074803 1.8913816 1.4679392 1.6544956 1.8563243 1.7404746 1.8087335 2.0758947 1.9803672 1.8251238 2.3725675 2.1987694 2.4302002 1.6217431 1.8804567 1.7180797 0.5349413 1.5534367 1.7922905 1.6207937 0.5403679 0.4299635 1.8909073 1.9814475 0.4940305 0.5112759 0.4031299 1.7946078 0.9483228 1.9513328 0.4279270 0.1501612 1.4292935 0.0861960 1.7246286 0.5198789 2.1217235 2.6269386 
SAG_13.91               0.4309994 0.3860231 0.3683563 0.4179210 0.4235265 0.4542068 0.4215713 0.0812003 1.5035202 0.0410278 0.4069280 0.0000000 0.4844631 0.0479774 1.3609132 1.4988704 0.0458405 0.0889535 0.4687382 0.4625943 1.3599491 0.1266331 0.1263369 0.2275443 0.3421628 1.7655111 1.8193225 1.6887578 2.3015308 2.1637143 2.0333332 2.0404561 1.9163354 1.8741427 2.5517119 2.2793332 2.6155318 1.7625887 2.2902458 1.9721100 0.4678097 1.5908945 1.8936145 1.7024299 0.4641758 0.3694086 1.8297676 2.0197408 0.3639891 0.4543642 0.0466239 1.7360748 0.9124144 2.0825936 0.3567900 0.4420897 1.5864634 0.3736275 1.7411518 0.0700156 2.5217333 2.8758126 
SAG_2147                0.5916198 0.5198639 0.5105141 0.5702544 0.5663970 0.6013909 0.5632078 0.3986127 1.4737985 0.4456897 0.5244201 0.4844631 0.0000000 0.4527000 1.3169126 1.4606737 0.4744593 0.5070443 0.1632110 0.1634539 1.4219026 0.4853562 0.4773969 0.4580009 0.4418015 1.7095596 1.5580980 1.5885630 2.0815271 2.0688032 2.1046144 2.1204522 2.1456563 1.6773898 2.3247101 1.9228407 2.3110333 1.7908222 1.8939338 1.8448301 0.4415876 1.5149738 1.8569162 1.6621608 0.1774698 0.4531329 1.7441228 1.8760539 0.4195534 0.1330545 0.4800736 1.7316130 0.5674901 2.0971620 0.4617473 0.5876017 1.7641594 0.4856423 1.7720465 0.6210231 2.0768518 2.4445428 
SAG_2155                0.4120371 0.3993742 0.3551156 0.3985897 0.4072760 0.4310111 0.4095230 0.0804582 1.4921710 0.0559445 0.3789313 0.0479774 0.4527000 0.0000000 1.3433170 1.4573854 0.0524836 0.0864085 0.4180682 0.4294379 1.3924547 0.1208125 0.1200072 0.2179915 0.3205582 1.7865567 1.4821141 1.5604471 2.1779700 2.0050736 1.8669528 1.9858142 1.8682143 1.6713106 2.2759251 2.0288170 2.3534545 1.7618400 2.0813301 1.8214729 0.4232443 1.4693977 1.7297053 1.5808102 0.4490642 0.3564422 1.8316815 1.7753430 0.3458577 0.4475923 0.0510146 1.6016164 0.9103750 2.3830845 0.3502365 0.4254255 1.4342349 0.3824373 1.7206077 0.0762684 2.2821590 2.5097173 
SAG_255-8               1.4428854 1.4199740 1.3650309 1.3801426 1.4111043 1.4452356 1.3909543 1.1239906 0.4701973 1.2634199 1.4339625 1.3609132 1.3169126 1.3433170 0.0000000 0.4929477 1.3667848 1.5167940 1.3166092 1.3611624 0.4899807 1.4108542 1.3534947 1.3653125 1.2905064 1.2948102 1.3191757 1.2013941 1.4403358 1.3872165 1.4715219 1.5135692 1.4525690 1.4816867 2.2081415 1.8703148 2.1558346 1.1107567 1.3019060 1.3455861 1.5406346 1.3029075 1.0943675 1.2956656 1.3810425 1.3487798 1.3017349 1.6167942 1.3702981 1.2259257 1.3319791 1.1046846 1.3387997 1.2515008 1.3711307 1.4184435 1.0107439 1.4437708 1.3847927 1.7073991 1.2597156 2.3649351 
SAG_2562                1.6017568 1.6366017 1.4894884 1.5117079 1.5779260 1.5992147 1.5581648 1.3000652 0.0869627 1.3662019 1.5107045 1.4988704 1.4606737 1.4573854 0.4929477 0.0000000 1.4844115 1.6247834 1.4303880 1.4696796 0.0649261 1.5393041 1.4813213 1.4857355 1.4402640 1.2819506 1.3135354 1.2462017 1.4613819 1.4279150 1.4422549 1.5683586 1.5174692 1.5045761 2.2940881 1.8833299 2.1324949 1.1243662 1.3516274 1.3935468 1.5377496 1.2819365 1.1511962 1.3108271 1.5493485 1.4526977 1.2708587 1.6322779 1.4611778 1.4867537 1.5197574 1.1191401 1.3532883 1.2086167 1.5289190 1.7538968 1.2136540 1.6452421 1.3686401 1.6910577 1.1854238 2.4523007 
SAG_335-1a              0.4371468 0.3892412 0.3710024 0.4245250 0.4306215 0.4509929 0.4242612 0.0855511 1.4576063 0.0495248 0.4040025 0.0458405 0.4744593 0.0524836 1.3667848 1.4844115 0.0000000 0.0974412 0.4597364 0.4621500 1.3934289 0.1252525 0.1239724 0.2245740 0.3379766 1.7876507 1.3861474 1.5974273 2.1399188 1.9787895 1.9302856 2.0018772 1.9381874 1.6846714 2.2636948 1.9612104 2.2047327 1.5825217 1.9530509 1.8035673 0.4352353 1.4036454 1.6765588 1.5259463 0.4839399 0.3621755 1.7863082 1.7303698 0.3703655 0.5158144 0.0319795 1.6728424 0.9609332 1.8821761 0.3531833 0.5022024 1.3115577 0.3854395 1.6597907 0.0764940 2.1572891 2.5601876 
SAG_335-4               0.4144384 0.4050106 0.3768896 0.4228873 0.4160370 0.4331910 0.4215104 0.0365154 1.6071676 0.0981624 0.3922393 0.0889535 0.5070443 0.0864085 1.5167940 1.6247834 0.0974412 0.0000000 0.4591697 0.4801817 1.4660230 0.1183385 0.1176911 0.2319244 0.3470041 1.9923389 1.7827166 1.8033692 2.3014852 2.0874215 2.0167419 2.1268953 2.0574821 1.9473630 2.4595145 2.1697610 2.4066078 1.7413117 2.1071228 1.9658715 0.4485341 1.7374469 1.9188886 1.8437863 0.5028807 0.3782831 1.9845840 2.0144072 0.4013894 0.5162191 0.0899795 1.6528426 1.0231688 2.2934488 0.3810330 0.4401699 1.6002135 0.4058856 1.9730835 0.1329773 2.1527485 2.7137921 
SAG_338-1_OwnSample     0.5360326 0.4813415 0.4839973 0.5266760 0.5236827 0.5570221 0.5271958 0.3722166 1.4273398 0.4228905 0.5038716 0.4687382 0.1632110 0.4180682 1.3166092 1.4303880 0.4597364 0.4591697 0.0000000 0.0006643 1.3526346 0.4584491 0.4490142 0.4380248 0.4170693 1.6532995 1.4321781 1.6105011 2.2251106 2.0342957 1.9261638 1.9304860 1.8693069 1.7078453 2.3026538 1.9461972 2.2667058 1.6812026 1.9135101 1.7238951 0.4246122 1.3773643 1.7276201 1.6357288 0.0451737 0.4276542 1.6773559 1.7991464 0.3921507 0.1491348 0.4744667 1.7287632 0.5103921 1.8171085 0.4352316 0.5352636 1.2778082 0.4650165 1.7173062 0.6303348 1.8832278 2.5044880 
SAG_338-1_SRA_Retrieved 0.5452975 0.4934673 0.5024169 0.5507897 0.5384520 0.5687225 0.5371916 0.4044015 1.4817477 0.4274401 0.5112078 0.4625943 0.1634539 0.4294379 1.3611624 1.4696796 0.4621500 0.4801817 0.0006643 0.0000000 1.4669739 0.4600664 0.4559970 0.4454315 0.4240433 1.7169482 1.3806734 1.6928484 2.1720205 1.9615539 1.8958505 1.9128459 1.9601543 1.7568763 2.3404706 2.0466637 2.3860783 1.6147486 1.8456545 1.6329562 0.4193907 1.5038288 1.6002368 1.7486899 0.0459474 0.4410926 1.7252172 1.8084105 0.3932730 0.1511002 0.4828557 1.8041398 0.4312591 1.8570532 0.4385601 0.5951434 1.5612569 0.5077265 1.7635993 0.5568800 1.8613671 2.5939217 
SAG_36.98               1.4496779 1.5121979 1.3622278 1.4430750 1.4490027 1.4580420 1.4461314 1.2185943 0.0879383 1.3574953 1.3821385 1.3599491 1.4219026 1.3924547 0.4899807 0.0649261 1.3934289 1.4660230 1.3526346 1.4669739 0.0000000 1.4368736 1.4120495 1.3940274 1.2661047 1.2617339 1.3403243 1.2802992 1.4843945 1.4197363 1.4149826 1.6183807 1.5926428 1.5114507 2.2442898 1.8719003 2.1274751 1.2350236 1.4071363 1.4796617 1.5450678 1.2876642 1.2505418 1.2678533 1.4890163 1.3137407 1.2864567 1.6654715 1.4118575 1.3702578 1.4774191 1.1316275 1.3118075 1.3188991 1.3664011 1.4203942 1.2953338 1.4895848 1.4121260 1.9298808 1.3611864 2.3180286 
SAG_384-1_5_Lib         0.4271593 0.3794073 0.3806418 0.4166974 0.4251787 0.4516973 0.4310552 0.1106497 1.5619068 0.1233327 0.4078692 0.1266331 0.4853562 0.1208125 1.4108542 1.5393041 0.1252525 0.1183385 0.4584491 0.4600664 1.4368736 0.0000000 0.0013703 0.2287392 0.3462592 1.7924287 1.6746704 1.7006525 2.1962959 2.0062771 1.8257612 2.1208614 1.9988148 1.7968713 2.3544268 2.0624855 2.3348138 1.6316365 1.9328153 1.8136183 0.4549602 1.5907588 1.6827427 1.7319035 0.4841697 0.3620491 1.8523536 1.9014992 0.3889684 0.4775817 0.1260782 1.6726290 1.0448215 1.7577705 0.3635002 0.4522622 1.5138383 0.3805967 1.9057869 0.1629526 2.1710235 2.7339676 
SAG_384-1_Own-Sample    0.4321853 0.4028370 0.3714634 0.4053825 0.4283526 0.4410939 0.4248125 0.1058831 1.5513396 0.1247273 0.3987576 0.1263369 0.4773969 0.1200072 1.3534947 1.4813213 0.1239724 0.1176911 0.4490142 0.4559970 1.4120495 0.0013703 0.0000000 0.2305218 0.3416578 1.8160541 1.5351009 1.6862965 2.3548827 2.1571934 1.9908438 2.2219431 2.0814811 1.7600881 2.3571154 1.9026385 2.1895739 1.7346781 2.1597276 1.9672284 0.4397117 1.4941922 1.6693812 1.5610344 0.4768745 0.3618997 1.8731269 1.8211511 0.3765804 0.4752072 0.1274204 1.7928863 0.9555083 2.0334808 0.3618103 0.4486143 1.5801128 0.3818362 1.6826263 0.1687673 2.0666163 2.6075320 
SAG_7.96                0.4167378 0.3990756 0.4044401 0.4310953 0.4252637 0.4723171 0.4381263 0.2120822 1.5140592 0.2145834 0.4063799 0.2275443 0.4580009 0.2179915 1.3653125 1.4857355 0.2245740 0.2319244 0.4380248 0.4454315 1.3940274 0.2287392 0.2305218 0.0000000 0.3482429 1.7966324 1.6196918 1.6294566 2.0435591 1.9314242 2.1934446 2.4465307 2.1325242 1.6198318 2.2864319 1.8969734 2.2308631 2.0810215 2.1021256 2.0054986 0.4643803 1.4606144 2.2445445 1.4967033 0.4822619 0.3575998 1.7894173 1.6842614 0.3934532 0.4322378 0.2334400 1.8405909 1.0164788 2.3155622 0.3602308 0.4257291 1.8092610 0.4013976 1.7345822 0.3279922 2.3951898 2.3647571 
SAG_8.96                0.4373899 0.4035380 0.3901191 0.4245280 0.4279398 0.4589144 0.4301670 0.3013036 1.4220513 0.3218023 0.4074803 0.3421628 0.4418015 0.3205582 1.2905064 1.4402640 0.3379766 0.3470041 0.4170693 0.4240433 1.2661047 0.3462592 0.3416578 0.3482429 0.0000000 1.7203364 1.4478122 1.5775608 2.3808196 2.1829558 2.0514674 2.1830478 2.1230877 1.6647653 2.3272630 1.9258605 2.2261190 1.7726056 2.0181867 1.8465195 0.4099637 1.4489017 1.7977487 1.5905925 0.4563575 0.0992977 1.7588213 1.7079362 0.3675858 0.4302140 0.3745337 1.6242438 0.8931999 2.3154454 0.0697937 0.4366649 1.4335974 0.4048958 1.6420270 0.4652196 1.9219835 2.4668224 
UTEX_LB_2353            1.9237651 1.8461347 1.8737379 1.9386734 1.8874170 2.0631497 1.9404232 1.5892224 1.3207790 1.7099489 1.8913816 1.7655111 1.7095596 1.7865567 1.2948102 1.2819506 1.7876507 1.9923389 1.6532995 1.7169482 1.2617339 1.7924287 1.8160541 1.7966324 1.7203364 0.0000000 1.4846797 1.5916426 1.6368236 1.5991374 1.6583801 1.7748308 1.8464737 1.7559847 2.5087568 2.1008918 2.2859302 1.3586151 1.5426334 1.5794832 1.9264322 1.5750455 1.3784954 1.5477943 1.8313286 1.6878057 0.0008670 1.8046345 1.8207789 1.7682179 1.8521466 1.3428800 1.7389656 1.4493146 1.7726951 2.2284921 1.4445066 1.9585890 1.6327038 1.8100580 1.3568079 2.6927055 
Cglobosum               1.9231645 1.8669181 1.6017762 1.9168711 1.6732864 1.7396591 1.6919376 1.6182052 1.3406087 1.4930200 1.4679392 1.8193225 1.5580980 1.4821141 1.3191757 1.3135354 1.3861474 1.7827166 1.4321781 1.3806734 1.3403243 1.6746704 1.5351009 1.6196918 1.4478122 1.4846797 0.0000000 0.8172463 1.1982520 1.1406611 1.2097617 1.3654453 1.3243220 1.4049156 1.7998384 1.6114033 1.7301536 0.9824834 1.1282351 1.1563660 1.4582272 1.0018177 0.9205090 1.0931814 1.6833307 1.5149324 1.4826956 1.3854834 1.5339298 1.5246712 1.6886591 0.8375282 1.3037014 0.9691017 1.5331401 1.7354738 1.0766836 1.4639471 1.2484404 1.6004608 1.0887104 2.0134716 
Corbicularis            1.8452559 1.7269947 1.6094019 1.6785603 1.6962788 1.7705168 1.6431093 1.7211221 1.2565721 1.6096921 1.6544956 1.6887578 1.5885630 1.5604471 1.2013941 1.2462017 1.5974273 1.8033692 1.6105011 1.6928484 1.2802992 1.7006525 1.6862965 1.6294566 1.5775608 1.5916426 0.8172463 0.0000000 1.1008005 1.0388196 1.1110734 1.2121696 1.2010585 1.4181687 1.8213891 1.6035830 1.7758328 0.8644638 1.0597927 1.0798728 1.7620751 0.9591316 0.8270191 1.0469785 1.7766566 1.5702390 1.5797884 1.4523917 1.7812029 1.7196994 1.8034629 0.0831509 1.3944780 0.9649508 1.5963436 1.9081338 0.8597514 1.6224945 1.1076782 1.6080036 0.8844672 2.0564701 
Aagrestis_BONN          2.1105422 1.9689944 1.7561143 2.1391396 2.1303095 1.9965466 2.1430439 1.9541797 1.4069067 2.5631832 1.8563243 2.3015308 2.0815271 2.1779700 1.4403358 1.4613819 2.1399188 2.3014852 2.2251106 2.1720205 1.4843945 2.1962959 2.3548827 2.0435591 2.3808196 1.6368236 1.1982520 1.1008005 0.0000000 0.0001840 0.9659955 1.0750495 1.0677124 1.5966697 2.0685857 1.7927922 1.9801206 1.0154860 0.8397296 0.8913750 2.0977268 1.0465965 0.8700119 1.1626484 2.2380854 2.3126310 1.6338079 1.5610849 2.4666640 2.4107659 2.2450010 1.0602100 1.4988909 1.0150350 2.1479861 1.6700987 0.7511322 1.7394623 1.2927775 1.8403611 1.0963888 2.3052559 
Aagrestis_OXF           2.1083318 1.9927452 1.6625059 1.9778614 2.0975585 1.8188976 2.0804754 1.9638216 1.3680457 2.2018716 1.7404746 2.1637143 2.0688032 2.0050736 1.3872165 1.4279150 1.9787895 2.0874215 2.0342957 1.9615539 1.4197363 2.0062771 2.1571934 1.9314242 2.1829558 1.5991374 1.1406611 1.0388196 0.0001840 0.0000000 0.9335042 1.0427176 1.0260235 1.5331997 1.9684260 1.6858006 1.8628920 0.9464401 0.8124680 0.8454487 2.0805528 1.0119237 0.8700508 1.1023629 2.1770148 2.1525425 1.5675376 1.4774045 2.2256691 2.3649993 2.1025755 0.9854099 1.4662183 1.0092065 1.9430400 1.4206960 0.7305697 1.6206919 1.2251866 1.8314430 1.0380700 2.2682458 
Afiliculoides           2.0121520 1.9964398 1.7658117 1.9366104 1.7643716 1.7462816 1.8602112 1.7428677 1.3929545 1.9897152 1.8087335 2.0333332 2.1046144 1.8669528 1.4715219 1.4422549 1.9302856 2.0167419 1.9261638 1.8958505 1.4149826 1.8257612 1.9908438 2.1934446 2.0514674 1.6583801 1.2097617 1.1110734 0.9659955 0.9335042 0.0000000 0.9556743 1.0075229 1.6650417 2.1419238 1.7521034 2.0249978 1.0137524 0.8661648 0.9250303 2.0554781 1.1547284 0.9545939 1.1469472 2.1791639 2.0804448 1.6069288 1.6241048 2.1295076 2.2595304 2.2029187 1.0861748 1.4654085 1.0536829 1.9266420 1.9723472 0.7138713 1.7837437 1.2565331 2.0673978 1.0084020 2.4013377 
Athaliana               2.5461123 2.3751551 2.0550146 2.2750399 2.0449913 1.8439111 2.2190491 1.9433698 1.4849146 2.0482386 2.0758947 2.0404561 2.1204522 1.9858142 1.5135692 1.5683586 2.0018772 2.1268953 1.9304860 1.9128459 1.6183807 2.1208614 2.2219431 2.4465307 2.1830478 1.7748308 1.3654453 1.2121696 1.0750495 1.0427176 0.9556743 0.0000000 0.6279885 1.6283966 2.1495121 1.7869325 2.0962495 1.1319224 1.0110200 1.0586069 2.2500765 1.2777163 1.1215796 1.2457638 2.1372366 2.2482859 1.8275735 1.6600420 2.2144471 2.0163479 2.3701342 1.2343004 1.4804772 1.1260386 2.1047711 2.8042510 0.8138648 1.7962691 1.4342703 2.0277091 1.2400851 2.3947732 
Bdistachyon             2.4052237 2.1060212 2.0710390 2.2495090 1.9767637 1.9451825 2.1893928 1.9195398 1.4925081 1.8462536 1.9803672 1.9163354 2.1456563 1.8682143 1.4525690 1.5174692 1.9381874 2.0574821 1.8693069 1.9601543 1.5926428 1.9988148 2.0814811 2.1325242 2.1230877 1.8464737 1.3243220 1.2010585 1.0677124 1.0260235 1.0075229 0.6279885 0.0000000 1.5805232 1.9856552 1.7134129 1.9602276 1.1176540 0.9974522 1.0335679 1.9700161 1.1998147 1.0736121 1.1920498 2.0668866 2.1989066 1.7933064 1.6356323 2.0941330 1.9315012 2.4046745 1.1947219 1.4108135 1.1373243 2.0285645 2.5706012 0.8353758 2.0889574 1.3413017 1.9612204 1.2308320 2.2445780 
Catmophyticus           1.9165759 1.9932436 1.7913397 1.8573769 1.7914375 1.9324121 1.8380780 1.7176471 1.5389029 1.7471157 1.8251238 1.8741427 1.6773898 1.6713106 1.4816867 1.5045761 1.6846714 1.9473630 1.7078453 1.7568763 1.5114507 1.7968713 1.7600881 1.6198318 1.6647653 1.7559847 1.4049156 1.4181687 1.5966697 1.5331997 1.6650417 1.6283966 1.5805232 0.0000000 1.7788530 1.5076605 1.6827660 1.2808938 1.4491910 1.4698812 1.3829833 1.4196502 1.2413273 1.3694274 1.8582562 1.7613272 1.7915938 1.2388424 1.8776538 1.9871096 1.9104368 1.3014930 1.6411309 1.4025085 1.7107472 2.0768263 1.2730530 1.8361955 1.5529899 1.7619835 1.4321198 2.0006802 
Creinhardtii            2.5358641 2.6448754 2.1885096 2.4185222 2.5554188 2.5958410 2.3867245 2.4092725 2.2629805 2.2913826 2.3725675 2.5517119 2.3247101 2.2759251 2.2081415 2.2940881 2.2636948 2.4595145 2.3026538 2.3404706 2.2442898 2.3544268 2.3571154 2.2864319 2.3272630 2.5087568 1.7998384 1.8213891 2.0685857 1.9684260 2.1419238 2.1495121 1.9856552 1.7788530 0.0000000 1.3109922 1.4117868 1.6986664 1.9743704 2.0944660 2.2366231 1.7821213 1.5784368 1.8179718 2.4238070 2.3878367 2.5724936 1.7794654 2.5616459 2.3125414 2.6512840 1.7647859 2.0629398 1.7027256 2.4175323 2.9302702 1.7051410 2.2706598 2.1365018 2.4232291 1.7572283 1.7673403 
Csubellipsoidea         2.3162634 2.4882577 2.1388739 2.1574771 2.2329050 2.3568075 2.2536069 2.0288351 1.9816385 1.9727914 2.1987694 2.2793332 1.9228407 2.0288170 1.8703148 1.8833299 1.9612104 2.1697610 1.9461972 2.0466637 1.8719003 2.0624855 1.9026385 1.8969734 1.9258605 2.1008918 1.6114033 1.6035830 1.7927922 1.6858006 1.7521034 1.7869325 1.7134129 1.5076605 1.3109922 0.0000000 1.1311581 1.5157447 1.7052649 1.7531712 1.9851196 1.5737526 1.3957749 1.5177893 2.2209429 1.9977807 2.1419452 1.5191467 1.9211980 2.1709337 2.0979373 1.4986592 1.8333344 1.5509622 2.0673405 2.4526623 1.4204416 2.0933280 1.7970734 2.4022609 1.5462315 1.5610929 
Cvulgaris               2.6576827 2.6297277 2.4544958 2.4454365 2.5852318 2.7403240 2.4795851 2.3509718 2.2832423 2.2635158 2.4302002 2.6155318 2.3110333 2.3534545 2.1558346 2.1324949 2.2047327 2.4066078 2.2667058 2.3860783 2.1274751 2.3348138 2.1895739 2.2308631 2.2261190 2.2859302 1.7301536 1.7758328 1.9801206 1.8628920 2.0249978 2.0962495 1.9602276 1.6827660 1.4117868 1.1311581 0.0000000 1.6215489 1.8882467 1.9540009 2.3419558 1.7710860 1.5610990 1.6835367 2.4509136 2.3052573 2.3825212 1.7419631 2.4303623 2.3892905 2.5582585 1.7880336 2.1054223 1.6521088 2.4317150 2.6373342 1.6712468 2.3260099 2.0690466 2.4811356 1.7114244 1.7193271 
Mendlicherianum         1.9955050 1.8614005 1.7302948 1.8411960 1.7270173 1.5556043 1.7533787 1.5111723 1.1316295 1.4566087 1.6217431 1.7625887 1.7908222 1.7618400 1.1107567 1.1243662 1.5825217 1.7413117 1.6812026 1.6147486 1.2350236 1.6316365 1.7346781 2.0810215 1.7726056 1.3586151 0.9824834 0.8644638 1.0154860 0.9464401 1.0137524 1.1319224 1.1176540 1.2808938 1.6986664 1.5157447 1.6215489 0.0000000 0.9684065 0.9905874 1.5677975 0.8230683 0.7102759 0.9393370 1.9390375 1.9628955 1.3649052 1.3409128 1.4469542 1.7573964 1.6761794 0.8442540 1.2065489 0.8324126 1.6465923 2.1647620 0.8224746 1.5319257 1.0743753 1.2462338 0.8162795 1.9099722 
Mpolymorpha             2.2620762 2.1732292 1.8083415 2.2166678 2.0616724 1.9990449 2.1781260 2.1433683 1.2775186 2.0081761 1.8804567 2.2902458 1.8939338 2.0813301 1.3019060 1.3516274 1.9530509 2.1071228 1.9135101 1.8456545 1.4071363 1.9328153 2.1597276 2.1021256 2.0181867 1.5426334 1.1282351 1.0597927 0.8397296 0.8124680 0.8661648 1.0110200 0.9974522 1.4491910 1.9743704 1.7052649 1.8882467 0.9684065 0.0000000 0.7534859 1.7644375 1.0368492 0.8763606 1.0497393 2.1501731 2.0995653 1.4985779 1.4652491 1.8472059 1.9744252 2.0258378 0.9757689 1.3529685 1.0364783 1.9094353 2.0595786 0.5805938 1.9843978 1.1583251 1.7269095 0.9699326 2.2827172 
Ppatens                 2.2293786 2.1421621 1.8049765 2.0217256 1.8464225 1.9369731 1.9864767 1.8259005 1.3093595 1.8808803 1.7180797 1.9721100 1.8448301 1.8214729 1.3455861 1.3935468 1.8035673 1.9658715 1.7238951 1.6329562 1.4796617 1.8136183 1.9672284 2.0054986 1.8465195 1.5794832 1.1563660 1.0798728 0.8913750 0.8454487 0.9250303 1.0586069 1.0335679 1.4698812 2.0944660 1.7531712 1.9540009 0.9905874 0.7534859 0.0000000 1.7793799 1.1007071 0.9147267 1.1149463 1.9504662 1.9348359 1.5735028 1.5182290 1.8370434 1.7932947 1.8409408 1.0272082 1.3595490 1.0170309 1.7672863 2.2322373 0.7149250 1.8531053 1.2564879 1.5459896 1.0015715 2.3646374 
SAG_2307                0.5743021 0.5677975 0.4925445 0.5780998 0.5550813 0.5451524 0.5555311 0.4243867 1.5637258 0.4065535 0.5349413 0.4678097 0.4415876 0.4232443 1.5406346 1.5377496 0.4352353 0.4485341 0.4246122 0.4193907 1.5450678 0.4549602 0.4397117 0.4643803 0.4099637 1.9264322 1.4582272 1.7620751 2.0977268 2.0805528 2.0554781 2.2500765 1.9700161 1.3829833 2.2366231 1.9851196 2.3419558 1.5677975 1.7644375 1.7793799 0.0000000 1.7016401 1.3997666 1.5524091 0.4997626 0.4422655 1.9895562 1.7894321 0.0956151 0.4876166 0.4585719 1.9048095 1.0358504 1.5874410 0.4426973 0.5388144 1.8371166 0.5389743 1.5750356 0.5938233 1.6517562 2.7091442 
Smuscicola              1.8445155 1.7957582 1.6103455 1.6889447 1.7447871 1.8170756 1.6975355 1.6165247 1.2622603 1.4423250 1.5534367 1.5908945 1.5149738 1.4693977 1.3029075 1.2819365 1.4036454 1.7374469 1.3773643 1.5038288 1.2876642 1.5907588 1.4941922 1.4606144 1.4489017 1.5750455 1.0018177 0.9591316 1.0465965 1.0119237 1.1547284 1.2777163 1.1998147 1.4196502 1.7821213 1.5737526 1.7710860 0.8230683 1.0368492 1.1007071 1.7016401 0.0000000 0.7949964 1.1087717 1.6596999 1.5328799 1.5610712 1.4121593 1.7051422 1.5913479 1.6811971 0.9874083 1.3351311 0.9205332 1.5550875 2.0209710 0.9383835 1.7230321 1.2178036 1.6709405 0.9421616 1.9806947 
Zcircumcarinatum        2.2092733 1.9048038 1.5830588 1.8424979 1.7535093 1.6971543 1.8316038 1.8825059 1.1056889 1.3919020 1.7922905 1.8936145 1.8569162 1.7297053 1.0943675 1.1511962 1.6765588 1.9188886 1.7276201 1.6002368 1.2505418 1.6827427 1.6693812 2.2445445 1.7977487 1.3784954 0.9205090 0.8270191 0.8700119 0.8700508 0.9545939 1.1215796 1.0736121 1.2413273 1.5784368 1.3957749 1.5610990 0.7102759 0.8763606 0.9147267 1.3997666 0.7949964 0.0000000 0.9005074 1.8483027 2.0484457 1.3751675 1.2162537 1.5080069 2.0556200 1.7949381 0.7885053 1.1529495 0.7531877 1.7395329 2.3290209 0.6257586 1.5914991 1.0739235 1.0916641 0.6630365 1.8701324 
Cbraunii                1.8368533 1.7186043 1.5046123 1.6926322 1.8645510 1.9165345 1.7361578 1.7684285 1.2437576 1.6365599 1.6207937 1.7024299 1.6621608 1.5808102 1.2956656 1.3108271 1.5259463 1.8437863 1.6357288 1.7486899 1.2678533 1.7319035 1.5610344 1.4967033 1.5905925 1.5477943 1.0931814 1.0469785 1.1626484 1.1023629 1.1469472 1.2457638 1.1920498 1.3694274 1.8179718 1.5177893 1.6835367 0.9393370 1.0497393 1.1149463 1.5524091 1.1087717 0.9005074 0.0000000 1.7298176 1.7012838 1.5247454 1.4736019 1.7974583 1.7957560 1.8927464 1.1025212 1.3120246 1.0274566 1.6811073 1.9767374 0.8593777 1.5379055 0.4364993 1.7591646 1.0879689 2.0494551 
SAG_2100                0.5705206 0.5086090 0.5211936 0.5769781 0.5574178 0.5930838 0.5579009 0.4219977 1.5365188 0.4713173 0.5403679 0.4641758 0.1774698 0.4490642 1.3810425 1.5493485 0.4839399 0.5028807 0.0451737 0.0459474 1.4890163 0.4841697 0.4768745 0.4822619 0.4563575 1.8313286 1.6833307 1.7766566 2.2380854 2.1770148 2.1791639 2.1372366 2.0668866 1.8582562 2.4238070 2.2209429 2.4509136 1.9390375 2.1501731 1.9504662 0.4997626 1.6596999 1.8483027 1.7298176 0.0000000 0.4659775 1.8282455 1.9385244 0.4347850 0.1588230 0.4644167 1.7500255 0.5603625 1.8919600 0.4889596 0.6457246 1.4459285 0.5092535 1.7828000 0.6606677 2.1586003 2.8435409 
SAG_37.86               0.4511551 0.4508804 0.4122407 0.4565133 0.4452311 0.4815010 0.4511414 0.3196429 1.4860471 0.3556694 0.4299635 0.3694086 0.4531329 0.3564422 1.3487798 1.4526977 0.3621755 0.3782831 0.4276542 0.4410926 1.3137407 0.3620491 0.3618997 0.3575998 0.0992977 1.6878057 1.5149324 1.5702390 2.3126310 2.1525425 2.0804448 2.2482859 2.1989066 1.7613272 2.3878367 1.9977807 2.3052573 1.9628955 2.0995653 1.9348359 0.4422655 1.5328799 2.0484457 1.7012838 0.4659775 0.0000000 1.7096571 1.7495658 0.3910456 0.4296191 0.3707927 1.5955556 0.9228915 2.5904053 0.1092550 0.4579115 1.6058370 0.4397154 1.7039461 0.4908874 1.9160363 2.6051737 
UTEX_2793               1.9922682 1.9400661 1.9584768 1.9406653 1.8530096 2.1388290 1.9018700 1.6772225 1.3017215 1.7102578 1.8909073 1.8297676 1.7441228 1.8316815 1.3017349 1.2708587 1.7863082 1.9845840 1.6773559 1.7252172 1.2864567 1.8523536 1.8731269 1.7894173 1.7588213 0.0008670 1.4826956 1.5797884 1.6338079 1.5675376 1.6069288 1.8275735 1.7933064 1.7915938 2.5724936 2.1419452 2.3825212 1.3649052 1.4985779 1.5735028 1.9895562 1.5610712 1.3751675 1.5247454 1.8282455 1.7096571 0.0000000 1.8610094 1.8093350 1.9557331 1.9031426 1.3441676 1.7820595 1.5077352 1.8050394 2.1935088 1.4685776 1.9468319 1.6532700 1.9133031 1.4834077 2.8460734 
Mviride                 2.0572207 2.2886261 1.8708349 2.0324154 2.0390775 2.0238601 2.0478670 1.8587524 1.6778224 1.7391727 1.9814475 2.0197408 1.8760539 1.7753430 1.6167942 1.6322779 1.7303698 2.0144072 1.7991464 1.8084105 1.6654715 1.9014992 1.8211511 1.6842614 1.7079362 1.8046345 1.3854834 1.4523917 1.5610849 1.4774045 1.6241048 1.6600420 1.6356323 1.2388424 1.7794654 1.5191467 1.7419631 1.3409128 1.4652491 1.5182290 1.7894321 1.4121593 1.2162537 1.4736019 1.9385244 1.7495658 1.8610094 0.0000000 1.9552919 1.8524642 1.8376290 1.1790212 1.6513719 1.3133067 1.7388968 2.5586933 1.3137536 1.9771624 1.5573853 2.1826011 1.3700669 2.0027050 
A1-1a                   0.4782910 0.4667122 0.4273722 0.5238376 0.4813253 0.5230681 0.5032025 0.3212227 1.5062494 0.3230981 0.4940305 0.3639891 0.4195534 0.3458577 1.3702981 1.4611778 0.3703655 0.4013894 0.3921507 0.3932730 1.4118575 0.3889684 0.3765804 0.3934532 0.3675858 1.8207789 1.5339298 1.7812029 2.4666640 2.2256691 2.1295076 2.2144471 2.0941330 1.8776538 2.5616459 1.9211980 2.4303623 1.4469542 1.8472059 1.8370434 0.0956151 1.7051422 1.5080069 1.7974583 0.4347850 0.3910456 1.8093350 1.9552919 0.0000000 0.4022902 0.4222104 1.9011613 0.8868641 1.8359617 0.3807622 0.4666910 1.5167544 0.4394686 1.8336561 0.5410086 1.7657637 2.8704891 
SAG_2102                0.4964481 0.4793129 0.4798257 0.5909837 0.4881925 0.5277927 0.5371206 0.4457830 1.5256206 0.4787974 0.5112759 0.4543642 0.1330545 0.4475923 1.2259257 1.4867537 0.5158144 0.5162191 0.1491348 0.1511002 1.3702578 0.4775817 0.4752072 0.4322378 0.4302140 1.7682179 1.5246712 1.7196994 2.4107659 2.3649993 2.2595304 2.0163479 1.9315012 1.9871096 2.3125414 2.1709337 2.3892905 1.7573964 1.9744252 1.7932947 0.4876166 1.5913479 2.0556200 1.7957560 0.1588230 0.4296191 1.9557331 1.8524642 0.4022902 0.0000000 0.4210485 1.9005924 0.4555418 1.9169416 0.4692189 0.5045545 1.8431982 0.5445162 1.8350435 0.6372869 2.5178849 2.8741699 
SAG_2417                0.4584102 0.4031847 0.3925789 0.4270829 0.4395557 0.4532280 0.4257734 0.0827464 1.4955782 0.0570427 0.4031299 0.0466239 0.4800736 0.0510146 1.3319791 1.5197574 0.0319795 0.0899795 0.4744667 0.4828557 1.4774191 0.1260782 0.1274204 0.2334400 0.3745337 1.8521466 1.6886591 1.8034629 2.2450010 2.1025755 2.2029187 2.3701342 2.4046745 1.9104368 2.6512840 2.0979373 2.5582585 1.6761794 2.0258378 1.8409408 0.4585719 1.6811971 1.7949381 1.8927464 0.4644167 0.3707927 1.9031426 1.8376290 0.4222104 0.4210485 0.0000000 1.8705036 1.0107134 2.1892499 0.3953024 0.4247400 1.8846825 0.3969417 1.8044071 0.0855000 2.2513366 2.9154716 
Cscutata                2.0013158 1.6700568 1.8607246 1.7867100 1.6594608 1.7295692 1.6456940 1.7133879 1.1549494 1.5691094 1.7946078 1.7360748 1.7316130 1.6016164 1.1046846 1.1191401 1.6728424 1.6528426 1.7287632 1.8041398 1.1316275 1.6726290 1.7928863 1.8405909 1.6242438 1.3428800 0.8375282 0.0831509 1.0602100 0.9854099 1.0861748 1.2343004 1.1947219 1.3014930 1.7647859 1.4986592 1.7880336 0.8442540 0.9757689 1.0272082 1.9048095 0.9874083 0.7885053 1.1025212 1.7500255 1.5955556 1.3441676 1.1790212 1.9011613 1.9005924 1.8705036 0.0000000 1.3762631 0.8774843 1.6606829 1.9248434 0.9156506 1.5516431 1.1819543 1.6734640 0.8934947 1.9492502 
SAG_2559                1.1230739 1.0390376 0.9654305 0.9475187 0.9587979 0.9727994 0.9345962 0.8331743 1.3819548 0.9143113 0.9483228 0.9124144 0.5674901 0.9103750 1.3387997 1.3532883 0.9609332 1.0231688 0.5103921 0.4312591 1.3118075 1.0448215 0.9555083 1.0164788 0.8931999 1.7389656 1.3037014 1.3944780 1.4988909 1.4662183 1.4654085 1.4804772 1.4108135 1.6411309 2.0629398 1.8333344 2.1054223 1.2065489 1.3529685 1.3595490 1.0358504 1.3351311 1.1529495 1.3120246 0.5603625 0.9228915 1.7820595 1.6513719 0.8868641 0.4555418 1.0107134 1.3762631 0.0000000 1.5093502 0.9651719 1.0230399 1.2090092 0.9331027 1.4631628 0.8762133 1.2351878 2.1907072 
Spratensis              2.1552134 1.3396908 1.6955475 2.0808051 2.2121457 2.5644018 2.0667939 2.2993789 1.1752199 1.7869306 1.9513328 2.0825936 2.0971620 2.3830845 1.2515008 1.2086167 1.8821761 2.2934488 1.8171085 1.8570532 1.3188991 1.7577705 2.0334808 2.3155622 2.3154454 1.4493146 0.9691017 0.9649508 1.0150350 1.0092065 1.0536829 1.1260386 1.1373243 1.4025085 1.7027256 1.5509622 1.6521088 0.8324126 1.0364783 1.0170309 1.5874410 0.9205332 0.7531877 1.0274566 1.8919600 2.5904053 1.5077352 1.3133067 1.8359617 1.9169416 2.1892499 0.8774843 1.5093502 0.0000000 1.8613470 2.4258336 0.6012623 1.6783243 1.2537121 1.2774810 0.9944513 2.0450611 
SAG_2415                0.4496824 0.4360666 0.4126152 0.4627982 0.4427696 0.4823580 0.4481566 0.3377517 1.4941523 0.3443899 0.4279270 0.3567900 0.4617473 0.3502365 1.3711307 1.5289190 0.3531833 0.3810330 0.4352316 0.4385601 1.3664011 0.3635002 0.3618103 0.3602308 0.0697937 1.7726951 1.5331401 1.5963436 2.1479861 1.9430400 1.9266420 2.1047711 2.0285645 1.7107472 2.4175323 2.0673405 2.4317150 1.6465923 1.9094353 1.7672863 0.4426973 1.5550875 1.7395329 1.6811073 0.4889596 0.1092550 1.8050394 1.7388968 0.3807622 0.4692189 0.3953024 1.6606829 0.9651719 1.8613470 0.0000000 0.4442607 1.3963461 0.4358764 1.7524733 0.4912990 1.8648967 2.6279599 
14614.18.18             0.1244290 0.1572882 0.1428432 0.1554415 0.1154391 0.0555361 0.1617118 0.3901105 1.7956231 0.4570957 0.1501612 0.4420897 0.5876017 0.4254255 1.4184435 1.7538968 0.5022024 0.4401699 0.5352636 0.5951434 1.4203942 0.4522622 0.4486143 0.4257291 0.4366649 2.2284921 1.7354738 1.9081338 1.6700987 1.4206960 1.9723472 2.8042510 2.5706012 2.0768263 2.9302702 2.4526623 2.6373342 2.1647620 2.0595786 2.2322373 0.5388144 2.0209710 2.3290209 1.9767374 0.6457246 0.4579115 2.1935088 2.5586933 0.4666910 0.5045545 0.4247400 1.9248434 1.0230399 2.4258336 0.4442607 0.0000000 1.2289284 0.1747220 1.9948115 0.5897113 2.1987975 2.9491920 
Itaiwanensis            1.4969494 1.8120665 1.2721095 1.7925573 1.6582928 1.0997276 1.7329740 1.5321830 1.1215759 1.3178495 1.4292935 1.5864634 1.7641594 1.4342349 1.0107439 1.2136540 1.3115577 1.6002135 1.2778082 1.5612569 1.2953338 1.5138383 1.5801128 1.8092610 1.4335974 1.4445066 1.0766836 0.8597514 0.7511322 0.7305697 0.7138713 0.8138648 0.8353758 1.2730530 1.7051410 1.4204416 1.6712468 0.8224746 0.5805938 0.7149250 1.8371166 0.9383835 0.6257586 0.8593777 1.4459285 1.6058370 1.4685776 1.3137536 1.5167544 1.8431982 1.8846825 0.9156506 1.2090092 0.6012623 1.3963461 1.2289284 0.0000000 1.7860689 1.0715471 2.1693704 0.7530882 1.9535997 
LUK_68                  0.1610966 0.1631552 0.0802248 0.1075864 0.1430474 0.1710384 0.1747525 0.3426393 1.6663583 0.3855645 0.0861960 0.3736275 0.4856423 0.3824373 1.4437708 1.6452421 0.3854395 0.4058856 0.4650165 0.5077265 1.4895848 0.3805967 0.3818362 0.4013976 0.4048958 1.9585890 1.4639471 1.6224945 1.7394623 1.6206919 1.7837437 1.7962691 2.0889574 1.8361955 2.2706598 2.0933280 2.3260099 1.5319257 1.9843978 1.8531053 0.5389743 1.7230321 1.5914991 1.5379055 0.5092535 0.4397154 1.9468319 1.9771624 0.4394686 0.5445162 0.3969417 1.5516431 0.9331027 1.6783243 0.4358764 0.1747220 1.7860689 0.0000000 1.9188604 0.5581050 2.5259658 2.2822239 
Nmirabilis              2.0807408 1.8124044 1.8100742 1.8656269 1.9512308 1.9096009 1.7883288 1.8162792 1.3507101 1.6954987 1.7246286 1.7411518 1.7720465 1.7206077 1.3847927 1.3686401 1.6597907 1.9730835 1.7173062 1.7635993 1.4121260 1.9057869 1.6826263 1.7345822 1.6420270 1.6327038 1.2484404 1.1076782 1.2927775 1.2251866 1.2565331 1.4342703 1.3413017 1.5529899 2.1365018 1.7970734 2.0690466 1.0743753 1.1583251 1.2564879 1.5750356 1.2178036 1.0739235 0.4364993 1.7828000 1.7039461 1.6532700 1.5573853 1.8336561 1.8350435 1.8044071 1.1819543 1.4631628 1.2537121 1.7524733 1.9948115 1.0715471 1.9188604 0.0000000 1.6886046 1.1967868 2.2959976 
UTEX_623                0.5627249 0.4934505 0.4777517 0.5402656 0.5613168 0.5731378 0.5308470 0.1054670 1.7160863 0.0635185 0.5198789 0.0700156 0.6210231 0.0762684 1.7073991 1.6910577 0.0764940 0.1329773 0.6303348 0.5568800 1.9298808 0.1629526 0.1687673 0.3279922 0.4652196 1.8100580 1.6004608 1.6080036 1.8403611 1.8314430 2.0673978 2.0277091 1.9612204 1.7619835 2.4232291 2.4022609 2.4811356 1.2462338 1.7269095 1.5459896 0.5938233 1.6709405 1.0916641 1.7591646 0.6606677 0.4908874 1.9133031 2.1826011 0.5410086 0.6372869 0.0855000 1.6734640 0.8762133 1.2774810 0.4912990 0.5897113 2.1693704 0.5581050 1.6886046 0.0000000 1.4750840 3.2694808 
Mougeotiasp             2.4935182 2.4438626 2.2018773 2.1997452 2.2186836 1.9928705 2.4398825 1.9191184 1.1361225 1.8245243 2.1217235 2.5217333 2.0768518 2.2821590 1.2597156 1.1854238 2.1572891 2.1527485 1.8832278 1.8613671 1.3611864 2.1710235 2.0666163 2.3951898 1.9219835 1.3568079 1.0887104 0.8844672 1.0963888 1.0380700 1.0084020 1.2400851 1.2308320 1.4321198 1.7572283 1.5462315 1.7114244 0.8162795 0.9699326 1.0015715 1.6517562 0.9421616 0.6630365 1.0879689 2.1586003 1.9160363 1.4834077 1.3700669 1.7657637 2.5178849 2.2513366 0.8934947 1.2351878 0.9944513 1.8648967 2.1987975 0.7530882 2.5259658 1.1967868 1.4750840 0.0000000 2.0525054 
Umutabilis              2.7972382 2.8387984 2.3853054 2.7203775 2.7800863 2.8119936 2.6876453 2.3498512 2.4697130 2.5013224 2.6269386 2.8758126 2.4445428 2.5097173 2.3649351 2.4523007 2.5601876 2.7137921 2.5044880 2.5939217 2.3180286 2.7339676 2.6075320 2.3647571 2.4668224 2.6927055 2.0134716 2.0564701 2.3052559 2.2682458 2.4013377 2.3947732 2.2445780 2.0006802 1.7673403 1.5610929 1.7193271 1.9099722 2.2827172 2.3646374 2.7091442 1.9806947 1.8701324 2.0494551 2.8435409 2.6051737 2.8460734 2.0027050 2.8704891 2.8741699 2.9154716 1.9492502 2.1907072 2.0450611 2.6279599 2.9491920 1.9535997 2.2822239 2.2959976 3.2694808 2.0525054 0.0000000 
